100 25 4 20
15 5 2 0.1 0.2 0.4

4 6
4 13
4 10
4 10
4 6
4 7
4 18
4 17
4 8
4 7
4 17
4 7
4 18
4 1
4 0
4 11
4 7
4 11
4 16
4 2
4 0
4 5
4 0
4 0
4 3

23
53 8
19 4
64 8
62 7
23 9
66 10
28 7
71 7
96 7
48 7
39 7
63 7
37 9
67 8
43 9
74 5
68 6
0 7
82 2
24 8
16 6
95 5
34 7

26
4 8
78 9
62 9
20 9
99 7
8 9
68 7
98 9
69 9
39 9
52 9
97 8
75 9
47 9
79 9
63 10
40 9
1 3
1 7
43 6
80 7
95 8
71 7
49 8
89 8
77 7

18
38 8
37 1
34 5
93 6
59 3
67 5
49 5
88 4
2 7
65 6
23 4
82 3
39 6
48 3
53 7
60 6
41 6
52 3

26
92 8
18 9
7 8
88 9
37 9
75 4
58 9
3 5
11 9
22 8
30 7
1 9
17 8
74 8
39 10
47 6
28 9
61 7
81 4
63 8
57 8
76 8
0 9
89 9
53 7
72 8

26
11 6
84 3
71 2
73 1
76 0
6 0
75 2
66 5
4 3
81 2
15 1
34 1
2 4
91 1
28 3
50 3
95 5
0 1
32 6
1 6
63 7
78 7
7 2
49 3
55 1
12 1

23
11 7
99 6
7 2
15 3
97 2
59 7
58 3
64 4
79 7
38 6
18 2
25 5
51 5
91 3
87 3
81 8
5 1
5 6
29 8
67 10
27 8
39 6
56 8

24
19 5
36 9
17 8
71 6
58 5
81 4
94 9
23 8
82 3
76 8
48 8
60 6
18 6
78 8
27 9
85 9
6 8
29 7
37 2
98 7
5 1
2 4
14 9
3 8

24
42 6
96 6
79 4
70 5
7 7
7 3
31 5
92 4
71 3
83 9
73 4
34 3
50 2
22 6
33 8
41 5
87 5
59 7
36 8
81 5
94 8
99 7
47 10
46 7

19
55 6
99 3
8 7
91 5
50 6
76 9
17 2
26 6
43 4
18 2
23 3
52 6
48 6
73 7
53 7
25 6
79 4
57 7
21 3

26
74 8
46 9
2 8
90 9
58 5
72 4
23 8
18 9
98 7
8 7
38 9
71 6
9 6
53 9
44 5
30 7
47 6
50 4
54 8
49 8
94 9
99 8
42 9
15 8
63 7
88 9

19
23 5
55 7
28 8
74 5
8 8
10 8
20 4
73 8
5 2
36 9
1 7
77 3
59 5
29 7
56 3
79 8
41 6
51 5
60 9

20
11 1
78 6
37 6
69 7
56 7
36 9
33 9
10 8
59 8
27 4
51 7
96 9
79 8
18 7
76 6
44 7
67 4
91 9
40 7
88 7

26
78 8
12 2
73 8
27 7
17 9
95 8
29 7
53 10
36 7
68 7
58 7
77 7
45 6
91 6
96 9
25 5
26 8
42 7
8 8
13 6
90 6
80 8
64 7
37 8
57 8
86 8

27
53 9
31 10
23 7
9 10
1 8
81 8
14 10
2 8
10 8
69 7
43 8
51 10
12 8
91 9
82 9
84 9
24 7
66 8
50 8
4 7
19 7
16 9
71 8
34 9
77 8
57 8
13 4

26
22 7
40 10
47 6
16 8
46 8
4 6
73 10
15 9
62 10
35 6
52 8
87 10
99 8
11 6
69 10
97 9
41 8
31 3
98 5
58 7
14 7
91 5
75 8
83 5
45 9
72 9

26
87 8
64 8
81 7
16 6
11 9
0 7
90 5
33 9
94 6
43 9
69 9
63 5
36 10
15 4
99 8
65 8
50 7
56 8
76 9
66 6
82 7
23 10
19 9
34 6
97 9
51 7

19
37 3
77 3
25 6
94 4
67 4
17 4
32 1
90 5
57 5
16 6
82 3
98 5
29 2
28 2
78 3
79 2
92 3
30 2
13 1

17
81 2
1 2
99 6
49 3
19 6
9 3
57 4
36 5
4 6
17 9
73 3
7 7
38 5
26 3
92 6
53 2
32 8

18
3 6
75 5
38 4
7 6
15 3
37 7
9 5
11 4
88 7
71 7
63 6
18 8
60 8
44 8
52 5
22 8
82 4
68 6

26
88 6
85 7
42 6
14 8
60 9
44 7
29 6
10 9
63 2
68 6
43 5
65 7
45 4
11 4
51 8
36 10
19 0
6 8
86 1
82 8
0 7
1 8
24 5
9 8
52 8
61 4

21
57 7
75 5
61 3
47 3
84 6
46 2
34 3
2 1
48 4
20 8
20 1
94 8
66 2
39 2
86 1
14 3
15 7
31 2
9 3
96 3
27 1

22
11 4
17 7
88 10
89 7
96 6
54 8
7 6
67 7
40 8
4 7
34 5
42 6
32 7
50 6
76 4
22 7
8 8
21 5
72 6
49 5
39 7
79 7

27
57 10
49 9
76 6
65 7
12 9
42 6
16 6
96 6
14 9
54 8
97 8
92 8
21 8
64 6
30 9
78 9
56 7
45 6
62 9
7 7
75 10
63 8
32 6
43 8
33 10
25 7
22 9

18
42 6
45 7
3 1
23 4
23 3
99 4
81 6
78 8
9 5
88 7
59 8
83 1
2 9
0 4
72 9
37 8
76 9
31 7

18
12 3
33 2
94 4
24 4
67 6
78 3
19 2
83 3
32 5
60 4
50 7
82 2
9 6
93 7
0 4
46 3
80 3
11 7

13
8 5
1 4
4 3
53 4
0 2
70 3
48 3
64 8
55 7
72 6
25 3
25 5
90 4

24
79 4
96 4
21 8
81 2
55 4
75 5
7 3
83 2
53 1
26 7
26 0
31 3
29 1
22 4
49 6
37 4
88 1
71 3
51 2
13 7
19 1
25 3
1 4
73 3

16
85 5
63 3
49 5
92 4
32 3
54 2
6 5
8 4
21 6
78 3
48 8
45 3
16 5
11 3
27 7
52 5

18
9 8
74 9
31 6
95 8
15 5
12 7
79 6
38 4
64 7
6 8
77 9
91 6
60 5
28 8
71 8
69 7
34 9
27 5

26
68 2
53 3
27 2
14 3
30 1
45 1
73 5
9 1
58 1
97 1
23 0
29 0
29 0
7 2
64 1
6 1
62 1
43 1
48 5
38 2
55 2
67 1
42 1
20 3
2 2
96 2

26
24 5
11 6
14 8
62 7
1 8
7 2
45 3
79 4
32 10
4 2
18 7
97 9
30 5
99 9
22 9
15 5
92 8
6 6
89 7
39 9
47 5
2 5
78 10
60 8
36 8
41 2

25
91 7
55 5
25 7
65 3
10 6
99 7
7 4
51 5
46 5
58 6
88 9
19 6
31 3
73 8
11 4
8 8
90 5
85 5
42 8
3 8
69 10
14 6
29 8
64 3
27 7

25
2 3
59 3
76 1
17 1
16 2
42 2
43 3
7 0
39 3
40 3
49 7
32 7
84 3
0 3
67 3
61 0
60 2
53 2
1 4
92 1
71 3
20 3
5 4
46 3
85 5

26
29 7
44 8
56 7
65 7
30 7
77 8
58 6
33 7
33 4
87 8
53 8
37 6
38 9
81 9
16 6
91 7
94 7
70 5
8 5
45 9
63 7
84 6
88 7
22 5
32 8
75 7

26
55 7
62 9
94 7
32 4
78 9
65 6
96 6
60 8
24 9
99 7
21 7
1 7
93 6
34 5
50 7
46 7
18 7
66 7
26 9
89 4
81 7
16 6
59 9
23 9
63 5
6 6

22
97 3
32 5
50 5
72 2
40 4
87 2
23 2
6 3
71 2
45 5
85 3
88 2
80 2
41 4
43 1
13 3
35 10
93 2
8 2
90 6
21 2
38 3

21
83 4
59 10
69 2
28 6
60 8
40 9
0 8
48 1
3 2
62 8
37 3
45 6
97 3
98 7
36 4
84 5
81 0
75 8
99 9
38 4
29 6

14
88 6
68 5
37 9
37 5
96 5
33 8
66 6
31 7
61 5
74 6
46 5
53 6
8 6
18 4

26
98 3
85 1
76 3
13 0
58 1
5 1
64 2
65 3
52 0
91 3
60 3
68 0
80 4
93 2
83 2
69 2
33 2
53 5
35 2
38 0
38 3
14 2
50 2
21 6
26 2
16 4

21
6 6
39 3
1 7
98 6
88 9
30 10
63 8
10 10
93 6
85 7
25 7
59 5
97 3
60 9
53 10
83 4
27 7
87 6
57 8
35 8
29 9

26
7 7
16 9
39 10
19 9
9 8
78 8
79 6
37 10
97 8
10 8
56 8
76 6
33 8
29 8
40 5
38 6
82 9
18 8
48 9
92 7
44 10
88 8
36 9
31 9
66 9
75 8

24
8 6
91 6
14 7
2 5
96 8
56 7
9 5
61 3
65 8
87 8
55 8
82 8
72 5
35 9
77 8
62 9
80 5
27 9
98 7
99 8
4 4
39 8
41 5
34 7

23
76 2
19 4
69 1
58 8
86 3
93 1
41 0
26 1
1 4
51 3
74 2
35 5
42 9
42 2
52 4
7 3
36 5
97 2
77 2
99 2
67 3
30 1
9 2

26
56 6
34 7
7 8
43 10
98 8
1 7
95 8
70 7
57 9
97 8
6 8
69 8
12 9
22 9
76 7
16 7
65 6
79 9
25 8
73 10
49 9
36 9
71 6
11 7
17 7
48 9

26
37 3
52 8
54 9
66 6
46 6
93 3
77 4
94 8
4 9
20 8
7 6
55 6
44 9
44 7
10 10
30 9
81 7
3 7
12 6
39 8
34 9
11 7
23 7
62 7
97 6
69 7

24
7 2
95 0
79 2
33 2
71 3
88 1
14 0
4 2
56 1
21 2
85 1
66 1
94 3
50 2
43 3
37 2
81 1
45 7
44 2
19 0
68 2
25 2
76 3
39 6

17
54 7
14 6
55 7
45 8
23 8
27 6
49 4
22 6
83 7
74 6
46 9
46 8
48 6
92 5
56 6
44 8
53 5

25
41 8
5 5
71 5
10 7
1 7
45 9
47 6
47 6
81 3
44 4
30 6
14 7
94 6
21 9
42 3
92 6
97 5
4 3
56 5
7 8
88 8
57 2
23 6
95 7
77 5

26
91 3
72 9
29 9
94 10
45 7
38 7
16 8
78 9
31 10
32 9
26 10
25 8
54 9
49 9
33 6
17 9
35 7
96 5
39 10
68 7
37 9
77 8
90 9
76 9
48 2
48 10

22
21 6
49 3
61 7
23 8
12 5
68 5
60 4
41 6
83 7
26 8
48 9
98 8
46 8
74 8
94 3
4 9
43 8
81 5
13 5
78 5
34 10
11 3

26
55 10
8 6
77 9
64 10
23 8
60 10
43 9
44 6
89 8
53 8
72 9
18 8
0 8
87 10
50 5
50 8
63 10
36 6
3 9
35 10
80 9
25 8
91 9
31 8
46 9
83 7

24
64 9
95 10
65 7
69 8
41 6
51 3
51 10
30 8
74 7
8 9
26 8
19 9
84 6
54 10
34 7
48 8
71 9
18 9
35 9
97 9
72 6
37 9
91 8
70 9

18
38 2
61 3
60 8
99 5
12 7
19 3
25 7
86 4
80 6
65 7
89 4
53 8
98 6
55 3
83 5
52 9
52 7
18 7

20
6 7
86 8
65 10
33 1
36 3
73 3
35 7
62 9
92 7
95 3
24 4
59 7
9 4
8 8
31 9
53 5
49 6
99 7
11 6
27 7

18
49 7
75 8
41 9
93 4
45 7
10 7
25 8
40 6
24 6
63 10
12 8
54 1
54 7
58 7
87 6
34 5
85 4
89 10

19
46 5
79 5
97 7
94 1
15 4
5 5
74 6
33 4
47 6
10 8
2 3
55 6
16 3
54 6
75 9
62 4
18 7
91 7
98 8

26
1 1
79 6
42 4
76 7
73 7
13 5
31 5
56 1
56 5
36 4
37 5
78 7
6 4
53 4
72 7
58 2
92 4
47 3
62 6
45 3
71 5
32 8
87 7
18 5
55 3
97 5

23
84 4
7 3
90 1
44 7
82 2
2 5
95 3
57 4
34 3
87 7
55 5
29 3
24 3
11 3
40 5
58 8
38 5
59 5
70 6
74 10
86 4
94 5
99 3

27
87 9
28 9
64 9
83 7
67 7
63 9
60 8
44 6
74 9
7 8
78 10
76 10
96 8
40 6
42 10
11 8
32 9
77 10
17 10
25 9
35 10
86 8
82 7
68 8
37 9
47 9
58 1

20
38 3
6 8
41 6
55 4
18 2
49 3
65 3
51 1
42 2
16 4
59 6
32 2
7 4
8 6
66 8
67 3
28 3
36 7
91 1
44 4

26
17 9
83 10
79 10
60 9
23 9
62 9
74 9
15 10
42 9
32 9
61 9
28 10
89 10
10 10
4 10
13 10
99 10
0 10
7 10
24 10
21 8
20 9
71 8
73 9
43 9
34 9

20
4 6
36 8
2 8
31 7
88 3
95 7
89 8
63 7
67 7
42 7
72 9
33 8
61 1
90 8
21 5
93 8
19 6
45 6
49 6
15 7

16
55 4
56 5
18 2
2 7
30 3
91 3
5 4
49 2
81 5
80 6
39 6
25 6
86 4
6 8
62 8
14 7

22
37 6
40 8
95 6
1 8
52 7
79 3
31 7
66 7
21 6
44 8
74 6
81 8
49 10
6 7
51 6
54 10
84 8
68 6
3 3
63 4
22 9
33 5

25
10 9
69 8
51 9
74 8
23 9
32 9
24 8
76 10
64 9
67 10
56 10
54 9
9 8
92 10
61 6
28 5
12 8
22 8
79 9
33 9
19 8
47 6
75 8
17 9
39 8

24
68 10
79 7
74 10
94 9
88 8
42 7
87 9
65 0
65 8
5 8
27 9
52 9
46 8
25 9
55 9
41 9
0 9
23 8
75 9
28 9
36 8
85 9
96 9
70 8

24
14 2
29 1
52 6
10 7
73 6
66 8
13 2
89 7
79 6
76 9
7 4
31 4
19 7
16 4
65 8
84 8
74 1
59 7
9 2
20 7
5 5
86 3
64 7
22 5

20
71 7
25 7
22 5
84 7
94 7
40 1
51 7
20 9
33 9
7 8
99 7
4 8
67 3
19 7
74 9
37 4
90 7
14 8
15 8
56 8

20
92 2
18 4
20 4
26 2
7 1
68 8
66 5
36 4
17 4
80 1
73 3
87 2
42 6
47 4
19 5
9 3
46 8
89 7
33 4
75 2

24
73 3
74 3
44 9
19 2
64 1
7 6
0 3
50 7
47 3
54 2
53 2
15 3
29 4
24 1
37 5
69 7
81 3
34 2
9 5
75 6
94 4
66 2
16 1
35 4

23
14 8
1 6
89 8
83 6
93 6
99 8
8 8
96 8
70 9
54 6
17 6
9 9
46 9
88 5
20 9
51 9
86 7
38 7
65 6
95 9
0 9
48 6
98 3

18
99 8
22 8
86 8
10 7
8 8
45 2
14 5
49 6
93 7
72 5
96 6
81 6
87 3
6 7
71 10
97 6
44 4
35 3

18
60 1
73 2
63 2
56 6
29 1
89 2
15 6
75 7
4 4
46 5
57 3
72 7
72 3
85 2
59 7
79 4
12 4
1 3

20
78 8
39 5
50 4
73 7
47 2
30 4
66 3
32 6
57 5
42 2
40 6
1 3
86 6
95 6
75 7
33 4
84 8
35 4
98 3
22 8

14
28 6
11 2
74 7
45 5
55 3
29 8
66 5
33 3
47 3
4 2
89 1
79 1
42 5
44 4

26
33 8
89 8
6 8
25 8
94 10
91 6
60 9
66 9
41 8
12 9
27 9
72 10
78 7
2 9
28 8
34 5
95 9
68 8
3 10
23 8
75 4
40 10
31 8
56 9
22 9
90 9

16
76 6
85 2
58 6
16 8
17 4
15 7
3 7
83 6
46 9
96 7
54 2
33 5
27 6
72 6
41 5
1 2

26
4 9
49 7
61 6
78 10
77 3
77 8
82 7
21 9
83 10
59 8
51 7
90 9
46 9
30 9
19 9
69 6
3 10
39 8
62 6
85 7
26 8
34 7
22 8
13 8
97 8
94 8

22
84 6
42 6
46 4
78 8
22 8
75 3
60 1
85 3
3 2
53 6
30 7
57 5
77 9
24 4
79 6
49 1
1 6
52 2
97 3
41 5
26 2
28 9

26
63 5
57 8
59 8
74 7
54 9
9 10
10 7
79 7
39 7
90 7
11 7
25 8
86 9
80 4
17 8
98 7
36 6
23 9
93 6
51 8
35 10
96 7
55 9
65 6
62 8
92 8

24
79 7
73 9
84 7
77 6
8 8
80 5
95 6
83 5
75 8
53 5
62 5
63 8
0 10
38 7
49 10
94 7
41 3
45 8
23 8
93 7
30 10
22 9
21 9
88 6

20
68 7
85 3
61 6
17 7
81 5
74 4
62 6
22 7
66 6
72 4
25 6
10 5
40 6
13 7
79 6
69 7
35 3
1 4
8 6
15 6

26
84 7
81 8
20 8
9 6
85 9
89 7
93 9
27 8
90 8
71 9
60 8
29 9
28 6
15 7
82 5
83 10
23 9
54 9
63 7
3 9
77 7
39 7
75 5
44 7
17 7
38 8

26
71 2
0 0
31 4
39 1
27 1
93 1
4 5
99 1
83 7
83 1
89 2
62 1
12 4
16 3
19 1
80 1
57 2
20 1
98 2
36 1
42 2
92 3
14 3
26 2
17 1
25 2

27
97 9
8 9
82 8
15 10
63 10
87 10
34 4
17 6
23 5
24 10
6 8
47 8
38 8
76 9
40 10
11 9
67 9
70 7
69 7
56 6
13 9
88 8
5 9
68 8
0 8
26 9
84 1

24
28 8
43 7
69 9
87 9
55 9
98 8
47 6
45 10
82 5
4 9
2 6
80 6
25 8
23 3
85 0
1 8
75 4
35 8
24 8
86 8
11 8
21 7
42 7
17 7

26
11 4
12 5
15 1
68 4
70 1
71 7
10 4
30 5
19 2
27 4
87 6
28 4
45 4
52 3
80 4
78 8
86 8
23 5
61 5
51 3
77 4
16 3
6 5
37 2
81 5
57 3

16
70 1
44 4
49 5
8 4
76 2
71 2
88 3
55 3
67 5
15 6
81 3
2 3
17 9
6 8
68 2
87 1

27
85 10
59 9
31 10
69 10
72 7
68 9
50 10
23 8
53 8
51 9
42 9
84 10
0 9
74 9
39 10
55 8
27 10
94 10
89 9
8 10
1 10
17 10
26 9
34 9
58 9
15 9
88 4

21
64 5
66 6
40 8
99 6
29 5
19 5
44 7
91 5
79 8
93 10
77 5
6 5
22 8
82 5
89 4
89 7
87 5
15 6
75 6
76 7
1 6

19
96 8
30 8
1 9
75 10
3 7
23 7
59 9
8 9
71 8
39 6
24 7
25 7
90 8
93 8
77 10
92 9
98 10
41 9
49 7

18
31 3
98 7
91 3
0 7
18 7
74 2
88 8
16 6
30 5
99 4
33 7
48 8
7 4
87 4
19 7
36 6
28 7
62 9

22
58 8
39 8
30 3
0 5
92 6
93 4
59 7
5 4
43 7
67 8
49 5
23 2
19 3
29 6
35 8
52 7
51 4
61 1
62 4
26 3
87 6
60 6

26
27 3
3 1
91 2
44 7
89 7
24 3
43 2
48 3
30 1
72 2
74 2
93 5
93 5
51 3
86 7
35 1
7 4
78 4
97 4
67 6
61 0
31 4
33 2
58 0
2 0
65 4

26
25 6
46 7
64 6
45 6
10 6
8 5
81 7
5 2
66 7
53 6
63 7
48 8
24 5
28 7
94 6
94 7
50 7
49 8
2 9
47 3
75 6
90 3
54 7
32 5
55 6
21 8

26
82 3
67 4
93 5
77 7
0 6
64 4
50 3
47 3
11 3
8 3
83 5
97 3
88 5
65 4
56 4
66 1
24 3
12 8
6 7
42 2
10 2
1 3
80 3
86 5
95 8
75 5

18
67 5
34 5
92 7
96 9
50 7
47 5
82 7
19 9
28 7
59 7
0 10
68 8
48 6
21 8
46 6
81 7
4 6
57 7

21
87 9
31 6
48 9
64 6
38 4
80 7
49 5
70 7
22 8
84 8
55 4
93 3
52 6
12 6
86 6
44 5
90 8
82 8
97 6
51 7
37 5

26
33 4
25 5
70 2
66 3
35 3
98 8
98 2
11 4
23 3
49 0
40 3
63 2
28 3
57 3
18 1
41 3
37 2
72 3
95 3
10 2
26 4
62 1
83 3
34 0
54 2
88 1

19
45 7
89 5
55 7
42 9
99 2
14 8
94 6
13 7
59 6
78 9
17 7
54 3
71 7
98 8
34 9
56 7
65 4
15 8
4 5

5.6 5.2 3.3 4.4 4.1 4.2 4.5 5.6 3.5 5.0 5.1 4.3 4.7 7.1 2.9 6.4 4.1 5.1 4.5 3.7 
7.0 5.2 4.4 9.4 5.7 4.2 5.8 6.3 3.6 4.7 7.2 5.2 5.2 3.8 5.8 4.9 4.3 6.5 8.0 6.4 
5.3 4.1 6.1 7.3 2.2 6.0 4.0 3.4 7.1 1.8 4.4 5.6 6.7 8.2 4.6 6.1 7.9 9.1 1.5 7.2 
3.8 6.3 2.8 4.2 3.8 4.3 6.3 3.5 5.7 3.0 2.2 5.9 7.1 6.1 4.5 8.3 4.6 3.4 4.9 4.5 
9.0 8.9 9.1 8.7 8.4 8.9 8.9 6.0 6.0 10.0 9.2 8.5 6.2 6.9 6.5 7.6 9.3 7.6 7.8 8.5 
8.0 6.0 5.2 3.6 8.3 8.1 7.2 5.7 6.3 5.1 4.6 8.3 5.5 8.0 7.1 6.3 7.7 6.7 5.6 5.6 
5.3 4.1 4.2 4.9 0.1 6.9 3.7 4.8 4.4 3.5 4.3 7.3 5.0 4.8 4.2 5.0 4.8 3.9 3.1 5.4 
4.8 4.7 4.0 5.0 4.2 5.2 4.7 4.7 1.1 3.5 2.9 1.5 4.7 6.0 2.2 4.6 1.7 6.2 5.5 5.5 
5.5 4.8 6.0 4.0 5.6 6.3 7.5 6.6 6.2 4.5 6.3 6.3 8.2 5.5 6.2 7.7 4.3 7.1 4.4 6.8 
4.9 4.9 2.3 4.5 4.8 2.9 6.6 5.8 5.6 6.9 6.6 2.5 2.2 3.7 8.3 5.7 7.2 4.4 8.0 6.4 
7.5 5.4 8.4 5.4 5.3 8.0 6.3 7.6 6.7 5.5 6.7 8.0 6.9 5.3 6.9 9.8 5.1 6.9 6.5 6.1 
9.8 8.8 8.3 9.8 10.0 9.1 7.5 7.9 7.8 6.6 8.1 8.8 8.7 10.0 8.9 7.8 8.9 6.9 9.3 9.1 
9.0 6.4 8.2 8.1 8.6 9.3 7.7 7.9 7.5 7.1 9.4 8.0 8.3 7.2 6.3 7.6 9.4 6.7 7.7 4.9 
3.8 5.1 0.7 1.4 1.1 3.7 1.9 3.4 4.4 2.9 3.0 2.9 4.8 2.7 0.6 1.5 2.8 1.9 2.6 3.8 
6.5 4.4 6.2 6.1 4.3 6.4 6.1 6.1 4.1 7.2 3.5 6.5 5.8 5.4 3.5 7.6 6.9 6.2 5.9 5.0 
7.5 7.3 7.3 9.0 4.9 9.3 8.3 6.3 5.2 7.7 8.0 5.9 5.6 9.1 4.9 4.7 6.6 8.7 6.2 8.1 
3.0 4.4 5.7 3.8 6.7 5.0 6.3 6.5 7.8 3.5 4.5 5.0 2.8 6.1 2.5 2.4 6.6 5.1 5.3 4.5 
5.3 4.8 4.6 8.0 5.9 4.1 7.7 5.1 6.8 7.0 5.5 7.3 7.5 5.8 3.8 5.7 3.9 6.4 5.1 3.2 
2.8 3.4 4.2 4.6 0.3 6.2 4.3 4.8 4.7 2.6 4.7 5.7 4.8 5.3 3.3 4.7 4.2 4.4 5.3 3.3 
6.6 5.9 8.3 7.1 6.2 6.7 7.1 6.8 5.9 8.4 7.2 5.9 5.3 6.9 6.8 6.9 6.4 5.0 5.8 6.8 
9.1 7.4 8.2 8.4 8.3 8.4 7.6 7.7 5.7 8.2 9.2 6.7 7.9 5.0 6.2 6.2 6.9 8.1 4.2 6.5 
1.4 0.8 0.2 0.2 0.6 0.6 0.4 0.3 0.9 0.4 0.5 0.3 0.2 0.7 0.3 0.1 0.3 1.6 0.2 0.3 
5.4 9.2 8.2 5.4 5.5 7.5 6.9 7.8 7.9 7.2 7.2 8.0 7.6 7.9 5.5 4.3 8.6 8.3 8.7 7.0 
3.8 4.4 5.8 2.8 6.2 5.0 3.3 4.8 8.2 3.3 4.8 8.4 5.4 1.4 4.9 5.5 4.8 5.5 5.2 6.1 
4.9 2.5 5.4 4.6 5.6 7.5 1.9 2.2 6.5 8.1 5.0 4.9 2.7 6.9 6.3 4.9 3.7 4.7 3.6 4.7 
3.8 4.9 4.6 6.4 4.7 5.3 6.9 4.4 3.7 6.1 4.3 5.9 3.5 7.1 5.5 5.2 5.0 4.4 5.0 6.0 
2.8 7.2 4.3 6.6 4.1 6.5 4.8 3.8 5.8 2.1 4.5 3.6 7.0 4.3 6.8 3.8 6.1 5.0 3.8 4.8 
6.5 5.5 7.2 3.5 3.3 7.4 3.8 2.9 5.3 4.2 5.3 5.8 6.2 2.3 4.0 2.7 4.3 2.8 2.0 7.9 
4.7 2.3 2.5 2.9 4.7 3.6 3.1 5.0 3.1 1.9 2.1 4.3 1.0 1.8 4.7 3.1 2.3 4.9 2.4 2.0 
6.1 8.6 6.3 4.7 7.8 7.7 9.1 7.0 4.4 7.8 6.6 5.5 6.5 7.9 7.0 8.4 7.5 7.5 5.8 7.0 
7.8 6.3 4.8 6.1 5.3 7.5 3.5 5.5 6.3 4.3 5.5 4.1 6.3 8.2 6.5 5.5 8.5 4.0 7.4 5.7 
4.2 8.5 6.2 4.4 7.1 5.7 5.8 6.8 5.3 6.8 7.0 9.3 9.8 5.5 7.2 8.7 7.7 7.4 5.8 4.0 
3.1 1.0 3.4 5.1 4.2 3.1 4.8 5.4 6.0 6.1 4.3 4.5 4.7 5.7 6.5 3.2 6.9 7.6 7.1 3.6 
5.8 8.3 4.2 6.7 8.0 7.7 9.5 7.3 6.6 6.2 8.2 8.4 4.4 5.9 6.7 7.7 5.4 6.5 9.4 7.2 
7.2 10.0 8.6 7.0 7.0 7.2 5.6 9.7 6.9 7.2 6.4 6.1 7.4 7.7 7.1 8.5 6.7 9.6 4.3 7.9 
5.7 8.6 3.6 4.6 6.6 4.4 5.1 4.3 5.7 3.1 3.0 4.4 3.1 6.8 7.1 6.1 6.0 7.3 5.9 2.4 
4.6 1.1 1.4 0.8 2.1 0.9 3.1 0.2 3.2 2.4 2.5 2.2 0.7 4.7 1.0 4.9 3.7 3.7 2.9 2.1 
7.4 6.3 5.9 6.2 4.8 5.9 7.0 7.2 6.3 2.6 4.3 8.6 2.9 8.6 7.9 6.4 7.1 4.5 5.4 6.8 
6.1 7.0 3.4 5.6 7.1 4.0 9.0 5.7 6.0 6.7 4.2 6.8 2.5 2.5 5.3 5.5 5.1 4.4 5.6 4.4 
6.3 5.5 7.1 9.0 5.2 2.3 6.4 6.4 7.8 7.6 5.9 7.5 7.6 8.1 5.2 3.9 6.0 2.3 5.3 9.0 
5.0 5.1 8.3 4.9 7.3 3.2 8.5 7.7 8.4 4.5 5.4 8.7 6.2 6.4 5.4 6.7 5.0 7.7 10.0 7.7 
4.7 4.1 3.0 3.7 3.6 4.0 2.0 5.2 3.7 2.2 5.6 5.1 6.3 5.1 5.0 5.3 2.1 3.6 5.4 5.2 
4.6 4.1 4.4 5.3 4.3 4.1 2.7 6.4 1.4 3.2 2.2 3.6 2.5 1.2 2.4 5.1 2.2 3.6 2.7 2.8 
5.4 4.0 1.6 3.8 7.4 3.4 4.5 3.1 8.1 3.5 3.9 5.2 2.4 0.2 4.6 4.9 3.2 2.5 4.2 3.0 
3.3 2.6 2.3 2.7 5.0 2.5 3.5 3.0 6.0 4.4 5.8 5.6 3.6 3.3 5.5 3.5 1.3 2.7 1.1 2.2 
10.0 8.6 7.0 7.3 6.0 7.3 9.4 10.0 9.1 10.0 8.3 7.8 7.0 9.5 6.9 8.4 5.8 10.0 7.8 6.0 
5.6 4.3 3.0 5.4 2.4 6.2 2.4 9.1 5.1 8.2 4.6 7.6 2.1 5.8 7.8 2.8 3.7 6.9 4.2 4.9 
7.6 7.2 6.1 5.0 5.3 4.8 8.6 7.8 7.2 6.7 7.7 6.9 4.6 6.4 5.2 4.5 5.1 7.6 4.4 3.9 
7.6 5.4 9.3 6.1 8.5 9.9 6.2 7.4 6.3 5.9 8.1 8.3 9.1 6.4 7.9 7.8 6.7 3.2 6.9 7.9 
2.5 3.5 2.2 3.4 4.1 6.2 3.2 6.2 1.1 5.6 3.5 3.2 5.4 1.3 2.8 3.4 4.6 4.8 5.8 4.0 
1.7 2.0 2.1 2.1 2.5 1.6 3.3 0.0 1.1 3.1 2.8 4.4 3.2 0.3 1.8 2.6 1.5 2.8 2.1 2.2 
6.6 4.6 5.2 7.4 5.1 8.2 6.9 3.5 7.4 6.4 6.2 4.2 9.1 5.4 8.0 6.7 7.8 6.1 6.0 6.4 
5.7 6.4 6.0 6.0 6.8 8.6 6.1 6.3 3.7 6.2 8.6 6.3 7.0 5.4 6.6 5.4 8.3 4.2 8.6 4.5 
1.6 5.1 5.7 6.8 6.6 4.4 3.8 4.6 6.5 4.2 2.9 4.3 6.2 3.7 8.1 6.3 1.9 5.1 4.1 4.3 
2.6 1.6 3.7 1.7 2.8 2.2 4.8 4.2 2.9 3.5 2.4 2.5 2.8 2.2 3.2 4.7 3.8 0.2 1.7 1.4 
5.7 5.2 4.9 6.5 3.7 6.1 5.1 6.1 7.9 5.1 5.4 6.7 5.5 6.1 3.8 4.7 6.1 7.3 4.9 5.3 
2.7 1.3 3.8 6.2 5.5 3.2 3.3 8.1 3.3 4.2 5.1 3.7 4.9 8.0 3.6 4.6 6.1 5.0 4.6 4.5 
6.3 6.3 5.4 5.0 4.2 5.9 6.6 1.2 3.1 5.8 5.5 1.6 5.5 6.9 5.7 6.2 2.4 3.5 5.0 2.9 
5.2 6.2 5.7 4.7 5.6 4.8 7.4 3.0 5.5 6.2 7.4 5.5 7.0 6.3 4.1 3.4 5.6 4.3 8.6 6.1 
5.8 7.3 3.6 5.2 4.0 5.4 6.1 6.4 6.5 7.7 4.9 2.3 3.6 3.0 4.0 3.8 5.2 5.7 3.2 5.7 
5.4 6.7 5.4 5.0 3.4 8.0 4.2 5.9 7.6 6.3 6.5 7.1 5.3 6.5 5.5 2.9 7.2 5.9 3.2 6.3 
7.6 5.2 7.1 6.2 8.3 6.9 8.3 8.1 7.1 5.2 6.9 4.8 4.5 7.7 5.2 7.6 5.2 6.5 9.0 3.6 
2.1 4.3 3.2 4.9 3.3 4.5 5.4 4.7 2.9 6.3 5.0 3.5 4.5 4.8 2.9 4.7 2.2 3.9 4.4 2.1 
9.5 8.2 8.3 7.0 8.6 7.3 8.4 7.9 9.4 5.3 8.9 7.3 10.0 4.0 8.3 4.2 7.2 6.9 9.8 8.1 
6.3 7.3 5.5 10.0 8.1 6.0 8.2 6.7 6.5 9.4 9.9 8.1 8.2 8.0 7.0 7.3 6.8 9.2 4.3 8.3 
3.0 7.6 6.4 7.2 7.8 8.3 7.9 5.8 8.0 4.5 5.0 4.4 3.7 7.4 5.8 6.0 4.6 5.1 3.4 5.6 
1.8 3.2 1.8 3.4 1.4 1.0 0.3 2.6 1.5 2.2 3.2 1.0 2.6 6.7 4.8 2.8 4.8 1.3 1.9 4.4 
3.5 1.1 5.8 3.8 6.7 3.1 7.7 6.9 3.7 5.7 2.8 5.3 3.6 7.6 5.4 6.7 4.7 7.5 5.1 3.5 
6.2 5.1 4.2 3.5 6.6 2.1 2.6 5.4 5.0 3.3 6.0 5.0 4.9 2.1 5.9 4.2 5.2 3.9 3.6 4.0 
8.5 7.0 7.9 6.7 5.1 7.0 8.5 7.5 5.9 7.7 7.8 8.8 4.6 5.3 7.1 5.8 6.7 6.0 6.5 6.0 
4.9 2.6 3.2 6.1 4.1 7.9 7.2 5.4 7.1 4.0 7.0 7.1 1.3 7.3 5.2 6.2 4.1 3.7 6.9 3.4 
7.4 7.4 7.9 4.7 8.4 6.1 5.4 3.8 5.5 5.2 7.6 7.9 8.5 5.6 9.6 4.3 6.5 6.6 9.2 7.1 
1.1 5.0 2.1 3.3 2.6 5.3 2.9 6.1 5.4 3.9 4.6 4.5 2.4 3.9 6.2 4.5 4.1 6.1 4.6 6.5 
8.0 3.8 7.5 8.0 6.5 5.4 7.1 3.4 8.3 6.0 5.6 5.3 7.2 4.7 3.2 5.4 6.1 3.8 5.6 1.5 
8.5 8.1 6.7 7.1 3.9 5.3 9.7 9.6 6.5 8.4 8.1 7.7 7.2 7.2 8.4 7.3 9.4 8.4 7.8 7.0 
3.3 6.3 5.4 7.8 8.2 7.5 6.7 8.5 6.6 5.5 7.9 7.6 8.7 6.0 7.6 8.2 6.9 6.1 7.1 6.6 
4.3 6.1 4.7 8.2 5.3 8.9 8.1 4.8 6.9 7.7 7.8 7.6 7.1 6.9 8.0 8.0 5.2 8.3 6.0 5.4 
7.5 9.3 7.7 8.5 8.2 4.1 8.2 9.6 6.6 10.0 9.9 6.2 8.7 9.3 6.6 6.6 6.9 6.4 6.4 7.5 
8.0 5.1 7.0 4.5 5.3 8.5 6.5 5.0 5.4 7.3 5.5 9.1 7.4 6.6 4.6 6.3 3.2 7.7 3.8 7.4 
5.0 10.0 5.9 7.3 7.0 5.3 4.5 7.6 6.0 5.9 7.3 4.6 7.6 8.3 7.1 8.5 5.6 7.9 5.6 8.2 
3.5 0.7 2.4 2.8 3.5 3.0 4.8 3.0 0.4 2.8 3.4 1.5 3.4 2.8 2.7 5.1 1.6 4.1 3.9 1.7 
1.6 1.9 5.3 7.4 1.9 1.4 2.3 2.5 1.2 6.8 3.0 4.1 1.0 3.1 2.8 1.7 3.6 1.6 4.0 5.3 
3.3 3.7 3.0 4.3 4.6 1.9 2.9 1.1 1.9 3.2 3.8 1.4 4.6 5.1 2.9 1.4 2.3 3.7 2.2 2.3 
1.5 2.5 3.9 6.1 3.4 5.0 3.7 5.7 4.1 8.3 5.4 4.2 3.0 8.3 5.5 5.9 5.7 4.4 3.4 4.3 
8.1 7.0 8.8 7.7 6.1 5.6 6.6 9.2 7.4 8.5 9.0 8.3 8.3 4.7 7.7 10.0 7.2 7.7 6.3 9.8 
1.9 3.8 2.9 5.1 4.0 3.4 5.1 0.3 4.5 4.3 5.0 4.2 1.3 2.8 5.9 5.2 2.1 0.9 3.7 6.2 
7.5 3.3 6.3 1.5 4.7 5.0 6.5 3.2 4.5 4.5 3.7 6.6 3.7 4.6 5.1 4.6 7.4 2.2 4.8 2.8 
5.9 6.2 8.6 6.0 6.3 7.8 4.9 6.2 8.5 5.6 6.3 7.0 5.1 7.1 8.0 6.3 7.2 6.7 8.3 9.4 
10.0 8.7 7.5 8.5 9.3 8.7 8.3 6.3 8.5 4.1 10.0 6.1 10.0 8.4 6.1 7.6 5.9 7.2 7.8 8.2 
7.0 7.0 6.4 6.1 8.6 8.7 8.6 10.0 8.7 10.0 6.6 8.8 6.6 8.3 8.5 6.0 9.5 8.7 10.0 9.3 
3.0 2.8 2.8 2.8 4.5 4.4 1.4 3.2 7.0 1.7 5.0 3.2 5.0 4.9 3.1 4.2 4.1 2.1 4.0 4.8 
8.2 7.1 7.1 6.9 6.0 8.4 7.9 5.0 5.4 7.3 4.3 8.3 7.4 4.0 7.2 7.5 10.0 5.2 7.2 8.1 
1.8 6.3 1.9 3.3 4.7 2.6 5.3 7.9 5.9 5.2 6.3 0.2 4.5 2.2 2.6 3.8 2.5 3.2 4.3 5.0 
4.5 4.0 7.8 4.8 6.6 7.0 7.1 3.0 7.1 5.8 7.7 5.2 3.6 4.8 3.7 2.7 3.1 5.0 8.1 4.7 
7.2 4.3 7.4 4.0 6.9 4.4 4.4 2.4 5.9 3.2 3.7 4.5 3.1 5.3 2.3 4.8 3.4 3.8 2.7 4.7 
3.1 3.3 6.9 5.7 5.2 3.4 6.4 3.6 6.6 7.0 3.5 3.8 5.7 7.4 4.2 8.0 5.0 4.0 5.1 6.9 
6.7 5.5 4.9 7.2 7.1 4.7 9.5 5.7 6.1 6.7 6.7 5.5 5.9 4.0 9.1 8.5 5.1 9.5 7.5 6.5 
6.6 6.4 8.1 2.2 3.3 6.8 4.4 3.0 7.2 6.1 3.9 8.5 5.1 4.9 4.2 3.3 2.4 6.2 4.0 4.8 
5.1 3.8 4.1 6.2 5.6 5.9 6.6 6.9 5.4 4.0 2.7 2.2 5.0 4.0 4.3 6.6 3.2 8.6 2.3 4.5 
8.5 7.1 8.7 8.6 4.9 8.9 7.6 8.3 7.7 6.5 8.6 8.8 5.2 5.9 5.8 8.5 7.5 9.4 5.5 6.3 

9 11 10 13 14 8 12 17 16 15 
9 10 15 11 14 12 9 13 16 17 
9 12 14 15 16 13 11 10 9 7 
9 13 15 10 7 11 12 8 14 16 
