500 100 50 30
40 0 15 0.1 0.2 1.0

9 3
8 27
10 12
9 11
8 22
6 22
7 12
1 4
7 21
8 19
7 21
8 1
7 6
10 25
2 14
1 20
8 17
6 17
9 23
2 19
1 6
9 16
2 15
8 22
8 25
1 23
5 18
9 27
1 18
8 27
1 16
8 7
8 22
7 20
9 1
9 17
1 9
1 25
9 27
8 26
8 5
1 27
8 4
9 13
8 11
7 13
1 29
6 5
9 7
9 4
7 9
9 2
9 27
2 16
1 23
2 12
8 10
7 6
2 3
2 9
7 15
1 20
1 28
2 4
7 29
7 2
2 10
7 20
2 13
9 5
1 15
1 15
1 17
8 13
8 28
8 1
9 26
1 9
8 9
9 20
8 15
8 15
8 17
1 3
8 10
8 11
8 25
1 27
1 18
8 18
9 22
8 3
7 9
9 1
10 0
9 6
1 4
8 26
6 2
7 6

0

0

0

0

0

0

0

0

0

0

0

0

0

0

0

0

0

0

0

0

0

0

0

0

0

0

0

0

0

0

0

0

0

0

0

0

0

0

0

0

0

0

0

0

0

0

0

0

0

0

0

0

0

0

0

0

0

0

0

0

0

0

0

0

0

0

0

0

0

0

0

0

0

0

0

0

0

0

0

0

0

0

0

0

0

0

0

0

0

0

0

0

0

0

0

0

0

0

0

0

0

0

0

0

0

0

0

0

0

0

0

0

0

0

0

0

0

0

0

0

0

0

0

0

0

0

0

0

0

0

0

0

0

0

0

0

0

0

0

0

0

0

0

0

0

0

0

0

0

0

0

0

0

0

0

0

0

0

0

0

0

0

0

0

0

0

0

0

0

0

0

0

0

0

0

0

0

0

0

0

0

0

0

0

0

0

0

0

0

0

0

0

0

0

0

0

0

0

0

0

0

0

0

0

0

0

0

0

0

0

0

0

0

0

0

0

0

0

0

0

0

0

0

0

0

0

0

0

0

0

0

0

0

0

0

0

0

0

0

0

0

0

0

0

0

0

0

0

0

0

0

0

0

0

0

0

0

0

0

0

0

0

0

0

0

0

0

0

0

0

0

0

0

0

0

0

0

0

0

0

0

0

0

0

0

0

0

0

0

0

0

0

0

0

0

0

0

0

0

0

0

0

0

0

0

0

0

0

0

0

0

0

0

0

0

0

0

0

0

0

0

0

0

0

0

0

0

0

0

0

0

0

0

0

0

0

0

0

0

0

0

0

0

0

0

0

0

0

0

0

0

0

0

0

0

0

0

0

0

0

0

0

0

0

0

0

0

0

0

0

0

0

0

0

0

0

0

0

0

0

0

0

0

0

0

0

0

0

0

0

0

0

0

0

0

0

0

0

0

0

0

0

0

0

0

0

0

0

0

0

0

0

0

0

0

0

0

0

0

0

0

0

0

0

0

0

0

0

0

0

0

0

0

0

0

0

0

0

0

0

0

0

0

0

0

0

0

0

0

0

0

0

0

0

0

0

0

0

0

0

0

0

0

0

0

0

0

0

0

0

0

0

0

0

0

0

0

0

0

0

0

0

0

0

0

0

0

0

0

0

0

0

0

0

0

0

0

0

0

0

0.6 1.6 0.0 4.4 2.5 0.2 0.6 3.0 1.2 2.2 2.8 4.4 4.7 2.3 0.2 3.8 1.0 3.9 4.5 0.0 1.8 1.4 0.0 3.1 2.9 4.3 1.8 0.9 3.7 2.1 
6.7 5.2 7.8 5.2 6.2 7.4 6.1 6.1 5.9 9.3 7.9 3.9 7.8 5.0 7.9 6.8 5.9 8.3 4.4 5.4 6.5 7.8 5.9 6.1 6.9 4.5 8.7 8.0 4.9 7.2 
7.3 4.5 8.4 10.0 8.9 7.8 10.0 7.5 6.7 7.1 5.5 7.4 6.5 6.5 5.2 4.9 5.5 8.0 7.6 6.8 8.7 8.4 5.6 3.5 6.5 9.1 6.9 5.7 8.2 7.0 
6.6 6.2 7.1 6.3 6.6 7.9 5.3 5.9 8.1 10.0 7.9 8.6 6.6 7.5 9.0 4.9 5.8 8.8 6.6 7.9 6.6 8.5 7.0 9.7 4.0 5.3 6.8 3.2 8.2 7.1 
9.1 6.1 9.0 6.5 5.8 8.7 8.0 7.9 9.1 7.9 7.8 8.1 7.2 9.8 6.8 9.8 7.5 8.4 8.6 7.1 10.0 8.5 9.1 6.3 9.8 6.6 4.3 7.5 6.7 7.7 
4.6 8.4 4.6 3.9 7.3 7.0 8.6 4.8 7.9 6.9 5.9 8.5 7.6 6.5 6.6 7.0 7.6 8.8 5.2 5.7 4.5 6.1 4.5 6.2 6.8 4.8 6.5 6.5 5.0 6.1 
9.6 6.7 6.5 8.7 7.6 8.9 7.1 4.7 7.3 8.9 5.7 7.0 8.9 6.2 7.0 5.7 10.0 7.7 9.6 9.2 9.5 7.7 7.4 7.7 5.8 7.4 7.6 7.9 8.8 7.6 
10.0 7.7 6.4 5.0 7.5 6.2 3.2 5.2 5.3 6.6 6.8 4.9 3.5 5.1 4.3 8.7 7.2 7.5 5.9 3.8 8.1 6.6 8.0 8.0 7.6 4.4 7.9 6.9 6.0 4.3 
4.8 5.2 4.8 5.2 5.9 3.3 4.8 4.5 5.0 6.1 3.2 4.6 4.4 3.4 4.6 6.0 5.0 4.3 3.4 2.3 5.3 6.9 5.9 3.5 2.6 5.3 2.1 2.6 5.0 6.4 
4.0 6.1 6.0 7.6 9.1 10.0 9.7 7.5 9.1 7.6 6.3 3.6 10.0 7.5 8.9 4.9 4.9 7.1 7.6 7.3 8.2 5.5 6.8 8.7 6.7 6.2 6.9 7.1 7.8 8.9 
6.4 7.2 3.5 4.1 3.8 3.9 7.3 5.8 4.4 1.0 5.0 6.9 3.0 5.7 4.7 6.6 6.3 4.9 5.5 4.5 5.5 5.0 6.6 6.8 5.5 3.9 6.3 6.4 6.3 4.9 
4.5 1.4 4.0 5.9 3.4 0.3 6.3 4.7 2.7 3.2 3.3 3.8 4.0 4.4 2.4 4.0 3.0 2.0 2.0 5.3 2.9 1.5 2.1 4.4 2.2 2.9 4.0 3.1 1.7 4.4 
9.9 10.0 8.2 10.0 10.0 10.0 10.0 9.2 10.0 10.0 9.1 9.6 9.1 10.0 8.6 10.0 9.6 9.9 10.0 10.0 10.0 10.0 10.0 8.9 10.0 10.0 10.0 9.2 9.0 8.0 
7.1 6.9 2.4 5.4 6.6 4.6 5.1 6.5 3.7 6.7 5.2 4.9 4.9 4.2 3.8 5.4 6.2 5.8 1.6 6.4 5.0 4.5 7.1 3.8 5.2 5.7 3.7 7.7 4.9 5.3 
7.9 8.5 9.8 5.2 8.9 9.8 10.0 10.0 8.6 9.8 10.0 7.9 9.0 8.6 6.2 6.6 9.8 8.5 7.2 8.7 9.1 7.7 8.7 9.7 7.8 7.3 7.7 8.0 7.5 7.9 
7.2 6.1 9.2 6.5 8.0 9.3 8.0 10.0 9.5 7.3 10.0 7.2 5.3 4.3 4.4 9.6 6.2 4.8 8.7 5.6 7.7 8.2 8.1 5.9 5.8 6.7 6.7 8.9 7.0 6.1 
4.4 6.0 4.4 1.5 5.6 3.6 3.8 4.0 3.1 4.7 3.7 4.3 2.1 4.6 3.9 3.3 4.4 3.9 4.5 3.6 3.9 5.9 8.6 0.8 4.5 5.4 0.1 3.4 4.6 3.5 
6.2 5.1 4.1 6.5 4.0 3.2 4.0 2.7 2.9 3.6 3.0 2.7 5.0 4.3 5.8 2.9 3.4 5.0 2.4 4.0 2.5 3.6 3.5 3.9 4.7 3.3 2.2 4.0 4.0 4.2 
4.6 3.6 3.5 2.2 2.4 0.6 3.7 2.9 0.7 3.0 1.0 2.5 4.0 0.0 2.4 2.7 2.6 1.2 2.4 3.4 3.1 5.4 0.4 4.1 1.7 0.5 3.2 3.5 1.3 1.6 
1.7 0.8 3.6 3.3 1.6 0.4 0.6 0.9 3.0 1.2 4.3 0.1 1.8 1.0 3.2 1.7 0.4 0.9 4.3 2.8 2.8 2.4 2.3 3.9 4.6 3.7 3.6 5.2 2.1 2.9 
6.8 6.8 5.5 6.4 7.4 9.0 7.3 6.8 7.7 9.0 7.0 9.7 6.3 7.7 8.3 8.0 7.9 8.3 6.3 7.3 4.9 8.9 6.7 7.4 7.6 7.8 5.9 9.4 9.9 8.7 
9.5 7.7 8.5 5.8 9.7 8.1 4.5 8.4 6.7 6.3 9.8 8.2 4.9 7.4 9.6 7.8 6.8 6.7 7.7 4.7 5.9 8.9 7.1 7.3 8.2 6.1 8.7 6.2 6.5 8.7 
8.3 10.0 6.2 6.2 9.5 10.0 9.2 9.5 9.7 10.0 9.3 4.8 10.0 8.5 7.6 10.0 7.8 10.0 7.8 8.4 9.6 7.2 9.5 7.9 9.2 9.2 8.1 7.9 10.0 8.5 
1.7 5.7 4.2 4.0 0.6 5.3 2.1 2.4 2.6 2.8 5.4 2.3 4.0 3.7 5.0 5.8 3.3 2.4 5.2 3.2 2.1 3.9 1.9 1.5 3.3 4.5 4.4 2.7 3.7 1.4 
3.3 1.0 1.2 3.2 1.7 1.1 0.6 3.0 2.1 0.0 3.4 3.9 2.8 3.2 2.7 1.0 1.9 0.2 5.4 2.8 3.1 1.2 3.8 2.8 1.1 2.3 1.5 3.3 0.0 2.9 
10.0 9.2 8.1 5.5 8.0 9.1 10.0 8.8 9.5 9.6 9.3 7.1 7.5 9.9 10.0 5.8 9.6 9.1 7.4 8.9 9.2 5.1 10.0 7.2 8.4 10.0 9.3 10.0 9.1 10.0 
7.2 5.7 4.5 5.2 6.2 4.8 8.1 3.4 4.2 6.2 4.7 5.7 5.3 1.9 4.4 5.0 7.0 3.9 5.3 7.5 8.0 4.9 4.7 5.9 5.5 5.4 6.1 5.0 3.1 7.9 
3.7 2.2 1.9 0.3 2.1 2.2 1.6 2.5 1.9 2.1 4.4 0.7 1.8 0.6 4.5 2.9 3.9 1.6 3.5 1.3 3.9 3.0 2.0 5.4 0.7 1.8 1.9 2.8 3.8 0.0 
0.0 2.6 3.2 0.9 3.9 2.9 2.6 2.8 3.7 4.1 3.6 2.9 0.4 2.0 2.8 2.3 0.8 3.4 1.3 4.0 3.3 1.6 4.1 0.0 1.2 2.0 3.5 2.1 2.8 0.8 
9.2 7.4 6.6 6.4 8.1 7.3 7.7 8.6 5.4 4.1 9.4 6.6 7.4 7.8 7.9 7.3 6.7 7.9 8.8 7.5 8.6 9.1 4.4 6.7 7.2 8.2 6.8 9.0 6.5 6.4 
7.6 5.3 6.7 8.2 5.4 8.2 4.5 7.8 7.9 7.9 7.4 6.7 5.7 4.7 9.5 6.5 7.3 5.5 6.9 7.6 7.3 8.1 4.9 5.3 7.8 9.5 4.6 6.0 9.8 7.0 
5.8 7.3 6.0 2.4 6.8 5.1 4.4 0.6 4.8 5.1 2.5 5.7 4.3 5.0 4.8 5.6 4.4 4.6 5.0 5.2 7.4 4.0 2.7 6.4 5.4 3.8 4.3 2.9 4.5 3.7 
4.7 4.1 4.5 3.7 4.5 4.0 5.9 4.8 3.9 5.4 5.0 5.4 4.4 3.0 2.8 3.1 3.0 2.8 2.9 4.3 2.6 3.1 4.5 5.5 3.5 1.5 4.0 4.9 4.5 5.6 
6.9 5.6 6.5 6.0 8.7 4.4 7.1 5.1 6.6 5.1 4.9 6.0 7.9 6.3 7.4 4.7 5.0 2.2 5.9 10.0 6.3 5.1 7.3 5.4 3.7 6.2 4.1 5.0 6.2 4.7 
6.2 4.9 8.4 2.8 4.8 6.6 5.6 7.2 8.3 7.2 8.4 7.3 4.1 8.6 3.3 6.7 3.6 6.3 6.5 7.1 6.4 5.9 7.7 5.3 2.7 7.3 5.2 4.7 4.6 5.6 
5.1 2.2 1.7 4.0 1.9 2.2 5.6 2.7 2.2 1.7 3.1 4.4 3.6 4.2 2.2 2.5 2.4 4.3 4.8 5.2 2.4 3.7 3.9 2.2 1.0 1.5 0.1 1.7 5.1 2.4 
5.2 6.2 5.4 5.9 7.1 5.5 6.4 6.0 5.6 5.0 8.3 3.3 5.6 3.8 6.0 4.0 7.6 6.3 6.7 5.4 4.4 3.1 3.6 6.6 6.4 7.5 4.5 5.0 4.9 4.6 
6.6 5.4 4.4 7.7 5.7 7.1 5.6 9.1 6.6 2.8 7.4 5.9 6.6 9.3 9.7 5.4 6.4 5.7 7.5 9.1 7.3 3.7 9.2 8.6 8.1 5.9 5.8 5.5 7.4 9.3 
2.5 5.5 8.0 6.0 4.2 6.8 9.6 3.7 4.3 5.8 6.6 5.5 4.3 8.8 7.3 7.7 9.0 5.0 4.3 4.7 10.0 5.2 6.8 6.8 4.2 8.7 6.0 6.4 5.2 6.2 
3.3 4.0 4.8 2.0 3.0 6.9 3.5 5.5 5.9 6.3 6.0 4.7 3.9 3.9 4.3 5.5 6.3 4.5 2.3 5.7 6.6 4.7 4.0 3.3 3.5 6.0 3.6 5.9 4.2 4.4 
4.9 5.5 6.3 5.3 4.0 3.6 5.3 4.4 2.4 3.4 3.0 1.1 5.1 2.6 3.2 6.1 3.5 3.0 4.0 3.8 3.2 5.6 3.0 5.5 3.8 3.6 4.9 1.8 1.1 7.2 
4.6 5.2 3.8 6.3 5.7 5.2 4.3 5.1 4.4 7.1 4.8 5.1 5.9 4.4 5.2 5.3 5.1 4.3 7.2 4.9 4.8 5.9 5.1 7.6 6.0 4.2 6.7 7.2 6.7 4.9 
6.1 8.2 7.3 7.4 8.2 7.3 7.0 9.6 5.9 8.0 6.1 8.6 7.6 4.1 7.7 7.2 6.5 9.8 7.3 6.8 7.7 4.1 8.4 7.8 6.4 6.5 9.4 4.6 10.0 5.0 
5.9 6.6 5.1 8.2 6.5 2.6 4.6 4.8 7.0 4.8 8.2 4.6 6.2 8.4 5.7 3.4 8.0 5.2 6.7 5.4 6.6 5.6 5.8 7.6 4.7 7.8 5.1 7.9 5.1 9.1 
10.0 10.0 10.0 9.3 10.0 9.9 10.0 9.1 9.4 10.0 10.0 10.0 10.0 10.0 10.0 9.9 8.9 10.0 8.4 9.6 10.0 10.0 10.0 9.9 10.0 10.0 9.9 10.0 9.4 9.8 
7.0 4.8 5.7 4.8 4.1 4.4 5.8 3.3 5.0 6.0 3.1 5.5 4.0 6.7 2.2 6.8 2.1 5.5 4.5 4.7 5.7 2.9 3.2 7.1 7.3 8.3 5.1 7.4 3.7 4.6 
4.8 7.5 6.4 5.6 5.1 5.9 4.2 5.4 5.4 6.8 4.7 5.0 5.3 5.9 5.3 7.3 4.3 6.1 3.8 4.6 5.4 5.1 2.5 5.0 5.7 5.7 3.8 6.1 2.4 2.6 
4.2 7.8 10.0 8.6 9.2 5.4 7.4 7.5 7.5 6.7 8.8 7.7 9.7 6.9 4.9 10.0 7.6 10.0 5.1 6.8 6.7 5.3 5.0 5.7 7.7 9.1 6.3 8.6 5.6 7.4 
7.1 4.9 6.6 7.9 7.4 5.4 6.1 6.8 6.2 4.9 5.8 4.6 8.0 6.2 6.3 4.9 4.1 5.2 5.6 6.8 6.3 7.2 6.3 6.5 6.9 5.9 6.3 6.7 7.1 6.2 
8.0 3.7 6.7 4.0 6.1 6.9 4.6 6.2 5.7 5.5 6.2 6.0 6.4 3.1 6.8 7.8 7.5 5.8 7.8 7.3 5.4 3.2 5.9 6.9 6.4 5.8 4.4 3.9 5.3 6.7 
10.0 10.0 9.1 9.9 10.0 10.0 10.0 9.2 9.4 10.0 10.0 8.5 10.0 10.0 10.0 9.1 9.6 10.0 10.0 10.0 8.3 9.6 10.0 10.0 10.0 10.0 8.8 10.0 10.0 10.0 
3.5 0.3 7.1 4.0 8.0 3.0 4.9 4.3 6.9 3.0 5.5 8.1 5.7 4.2 4.7 3.2 1.6 3.2 2.7 4.8 6.8 4.3 5.1 6.4 3.0 4.2 2.4 3.6 2.0 4.4 
4.1 0.5 4.4 6.6 6.4 5.5 6.3 6.3 3.9 6.4 5.6 5.8 3.2 4.3 3.2 4.9 3.5 2.0 3.5 6.8 2.4 3.7 3.9 1.4 6.0 2.1 4.8 2.5 3.3 4.0 
9.6 8.1 10.0 9.3 10.0 8.1 8.5 9.3 9.1 10.0 10.0 10.0 7.3 8.1 10.0 10.0 9.6 7.1 8.7 9.9 10.0 9.9 10.0 10.0 8.3 9.2 8.0 7.2 8.4 8.2 
9.6 7.9 6.6 5.7 6.1 6.8 6.2 10.0 7.9 7.4 5.1 10.0 5.6 8.3 4.9 7.9 7.4 9.7 8.1 4.9 6.5 7.7 5.6 10.0 6.1 7.2 9.0 6.7 7.0 8.8 
4.3 6.7 3.8 2.9 4.3 5.3 5.4 4.4 4.0 3.4 2.2 4.6 3.4 4.3 3.8 3.8 2.9 1.6 5.8 4.7 4.3 0.9 3.9 1.5 5.7 4.0 4.7 4.9 5.5 5.3 
7.3 8.4 5.1 6.5 6.4 4.3 7.4 5.0 6.8 5.9 4.8 6.4 7.1 6.7 4.6 5.4 8.4 6.4 7.9 6.3 7.6 3.8 8.4 6.0 7.2 5.1 6.1 6.5 7.2 7.0 
5.1 3.1 5.5 4.4 4.3 2.7 3.5 3.2 1.8 2.6 3.5 3.8 4.5 3.4 0.6 3.7 2.3 4.8 3.6 0.6 7.7 3.5 1.1 3.9 3.0 3.3 5.7 4.9 3.8 3.1 
0.6 0.0 0.0 2.3 3.4 3.1 3.4 1.5 0.5 3.9 0.0 1.2 1.6 2.7 5.1 0.4 2.7 1.3 0.0 1.9 4.9 0.0 1.2 0.0 0.2 1.7 0.2 0.0 2.6 3.0 
4.4 5.6 7.2 6.5 3.8 4.6 3.7 5.5 5.2 4.3 6.7 3.2 4.6 5.9 2.3 4.6 4.7 3.6 3.9 5.7 1.5 3.8 5.5 4.8 3.2 6.1 3.5 4.4 0.0 4.1 
2.6 1.6 1.1 1.8 1.5 0.8 2.8 2.2 2.9 5.6 3.9 3.8 3.3 2.3 2.2 1.0 3.9 2.4 4.2 2.7 0.0 2.4 3.1 4.0 0.0 4.7 5.4 2.3 5.3 4.3 
6.2 8.8 8.3 7.3 7.6 8.3 7.5 7.4 10.0 9.1 9.7 9.1 10.0 8.5 9.7 10.0 5.6 10.0 6.7 7.5 8.9 10.0 9.9 9.1 10.0 8.8 6.7 6.7 10.0 8.4 
2.2 5.3 4.4 3.0 4.5 4.8 2.6 4.8 6.4 5.4 5.5 4.1 4.1 5.4 4.5 4.2 3.4 2.8 2.1 3.4 3.4 1.5 3.5 4.3 1.4 4.6 2.5 4.0 5.6 3.0 
9.9 5.6 8.5 7.8 7.3 7.8 6.7 9.7 7.8 4.9 8.7 4.5 4.9 6.0 6.2 9.5 6.1 10.0 9.5 7.3 7.4 8.8 9.3 6.4 8.0 7.1 8.6 5.4 7.0 9.3 
8.4 6.9 7.5 9.5 7.4 7.0 5.6 6.4 6.2 8.8 6.9 6.9 6.0 7.0 7.3 4.4 5.7 8.7 6.9 6.8 7.6 9.2 6.9 6.3 7.1 5.1 7.7 7.0 5.1 9.0 
4.6 4.7 4.0 2.1 3.1 5.0 2.0 3.9 4.1 2.4 0.0 3.9 7.0 5.7 3.1 3.0 3.1 3.6 1.3 2.4 3.8 4.9 3.3 4.8 3.6 3.3 2.0 3.4 2.2 3.1 
5.4 5.8 7.0 4.7 5.8 6.0 6.7 6.2 6.3 6.7 8.2 7.1 5.8 6.1 4.6 4.2 3.2 7.8 5.7 3.2 7.4 4.3 4.5 7.8 5.4 6.5 3.7 5.1 6.8 5.2 
4.0 3.0 1.5 1.6 0.1 0.7 0.0 2.4 1.2 3.1 4.5 3.3 0.2 2.8 1.8 3.3 2.2 2.5 0.5 2.8 1.2 1.6 1.1 3.5 0.4 1.5 2.5 2.1 1.0 4.1 
7.8 3.3 3.6 4.6 5.7 6.0 8.1 3.5 5.3 6.0 4.8 7.3 4.8 7.2 3.4 6.7 6.0 5.1 4.0 4.3 6.3 5.9 6.0 3.3 5.6 4.8 3.9 4.8 4.3 2.9 
5.2 5.9 5.2 3.9 6.5 5.0 1.8 4.2 5.2 5.0 3.4 5.5 4.7 4.5 5.0 8.2 8.0 5.6 5.8 3.3 6.9 6.1 3.8 5.5 3.2 2.5 1.9 6.4 4.4 3.9 
0.2 0.1 0.0 3.7 1.5 1.5 0.0 0.1 1.1 0.5 0.0 1.7 0.1 2.7 0.0 0.0 1.3 1.4 0.0 1.4 0.0 1.9 2.0 3.3 1.6 3.0 2.0 1.0 1.7 0.0 
8.4 9.8 8.4 8.7 8.5 7.5 8.9 9.2 6.5 10.0 6.5 9.4 8.0 10.0 9.3 7.3 9.3 7.8 8.0 9.7 8.6 9.2 7.9 8.9 9.7 10.0 8.1 7.8 8.4 8.0 
5.8 4.7 5.4 6.6 5.2 6.0 4.6 6.3 5.0 7.5 4.0 7.4 6.8 4.2 6.3 5.4 5.8 6.5 5.9 5.1 4.8 6.3 5.7 5.5 5.8 4.3 3.1 5.2 7.3 6.0 
8.9 9.1 10.0 7.7 7.2 5.6 8.9 7.5 8.6 10.0 7.6 10.0 8.7 10.0 9.3 5.7 7.2 7.5 7.3 8.6 9.1 7.0 6.9 8.1 4.9 7.8 8.1 7.8 8.9 10.0 
3.7 5.3 3.0 4.2 5.6 4.5 5.1 2.1 3.7 5.2 4.3 4.3 8.3 3.2 5.2 7.2 5.8 3.7 5.7 3.8 6.5 3.9 3.6 5.9 6.2 4.1 3.6 5.5 5.9 3.0 
9.2 10.0 7.9 9.4 9.5 7.8 7.6 9.6 8.9 7.8 9.5 9.0 9.6 7.2 8.6 4.4 10.0 8.8 8.6 5.9 10.0 8.1 7.2 8.1 9.6 9.3 6.9 8.3 9.7 9.1 
3.9 1.9 3.1 3.6 3.3 1.4 3.4 2.2 0.7 6.1 2.9 2.9 4.3 1.9 2.6 2.3 2.0 4.0 1.5 3.8 2.1 4.7 5.2 0.0 3.6 1.9 5.0 1.4 4.0 4.7 
3.4 5.8 3.7 6.5 2.4 5.0 5.6 3.0 2.3 5.5 2.2 3.9 4.4 5.3 5.6 4.0 5.4 3.7 5.6 2.4 7.0 5.5 4.3 3.3 4.3 4.4 7.4 1.0 3.9 6.0 
4.0 2.8 0.1 3.2 2.3 1.1 1.3 0.0 0.0 2.4 2.5 2.3 0.9 2.4 2.9 2.6 4.4 2.2 1.7 2.0 2.6 0.0 3.7 2.6 2.4 0.8 4.3 1.3 2.0 5.3 
8.5 8.0 8.5 8.6 8.4 8.1 7.4 10.0 7.8 8.7 5.9 8.5 9.9 9.2 7.0 7.0 8.1 9.0 8.8 9.8 8.9 7.6 9.7 7.7 8.6 9.1 10.0 6.1 7.2 7.3 
3.3 3.3 2.8 2.4 1.2 2.3 0.6 2.5 1.1 3.9 2.9 0.0 5.0 3.7 1.0 5.2 5.0 3.0 1.9 0.7 4.1 4.1 5.3 2.8 1.0 3.6 2.5 2.7 3.6 4.2 
10.0 7.8 10.0 9.2 10.0 9.7 7.2 7.9 9.5 6.8 7.9 9.8 6.9 10.0 9.2 10.0 9.6 10.0 9.6 5.2 10.0 8.2 8.7 8.1 8.5 6.5 9.2 7.4 9.0 8.5 
8.2 9.8 9.3 8.9 8.4 10.0 8.5 7.5 9.6 10.0 10.0 7.4 10.0 9.3 7.1 7.8 6.2 8.6 10.0 10.0 6.4 8.1 9.4 9.4 6.8 10.0 8.6 9.4 8.0 8.1 
7.4 8.3 5.0 5.6 5.4 8.4 4.8 6.9 5.2 4.2 5.2 8.0 5.8 6.8 5.5 8.8 5.9 6.3 7.3 7.2 7.4 7.8 6.6 7.8 4.1 7.0 7.0 5.2 7.3 6.2 
8.6 6.0 7.1 7.4 5.1 7.9 9.6 5.3 7.9 9.2 9.1 5.9 9.4 9.7 9.1 10.0 6.4 7.9 9.3 7.7 8.6 8.9 9.4 9.5 10.0 9.6 6.2 10.0 8.0 8.4 
7.7 7.5 8.4 6.9 6.0 6.7 7.6 6.8 7.3 7.5 4.7 8.8 9.7 8.7 7.1 5.3 9.6 8.6 4.2 7.2 5.6 8.4 8.0 7.6 10.0 10.0 5.8 6.8 7.2 8.8 
2.2 2.4 1.7 2.0 1.5 2.6 1.0 1.0 0.6 0.0 1.9 2.0 0.3 1.4 1.2 0.5 1.6 3.0 3.1 0.9 2.4 2.1 0.8 1.5 1.6 1.7 3.1 0.0 0.7 0.0 
2.6 2.5 4.6 6.8 3.8 6.0 5.1 2.2 2.7 0.8 2.1 2.1 3.2 1.9 2.1 2.6 2.2 2.6 2.4 2.2 3.5 2.1 1.4 0.0 1.5 3.8 2.3 3.0 3.2 1.6 
4.4 3.5 1.8 3.5 4.6 4.2 4.1 5.3 6.0 3.9 3.3 4.4 5.5 5.8 4.6 3.5 4.8 2.2 3.8 3.2 5.6 5.8 4.6 3.4 3.5 3.5 4.3 4.1 3.9 3.3 
9.8 5.0 9.2 6.7 6.9 3.6 6.9 9.2 8.1 6.2 8.4 7.4 8.4 6.9 7.0 7.4 8.0 6.8 8.0 5.9 5.5 9.1 9.1 5.8 5.5 7.6 8.2 8.6 9.1 6.7 
4.6 3.4 7.1 7.2 4.1 4.4 6.0 8.3 6.1 5.6 7.1 6.0 6.4 7.3 4.8 7.3 5.8 4.2 5.8 6.1 6.0 6.2 2.0 7.2 4.1 5.9 6.0 6.4 5.8 4.2 
5.3 4.9 4.1 4.0 6.7 5.0 6.2 5.3 2.8 4.1 4.6 6.8 4.7 5.1 7.6 7.2 5.4 5.7 3.1 6.3 4.9 3.5 3.9 4.3 5.0 5.3 3.2 9.3 5.0 4.6 
9.2 8.2 8.2 8.4 7.3 9.0 7.9 9.7 9.8 5.1 7.3 6.3 6.2 5.3 8.2 7.8 8.4 8.8 8.2 7.5 4.7 9.3 7.0 8.2 4.7 8.7 6.2 8.7 5.9 10.0 
1.0 4.1 4.5 0.0 5.4 5.3 1.9 5.1 3.8 4.4 6.5 3.7 4.0 4.1 1.8 3.9 3.5 3.0 3.3 4.1 5.1 1.6 3.9 1.3 7.2 4.0 3.4 1.4 4.5 1.3 
4.6 2.6 3.3 2.4 3.9 4.7 3.6 5.2 5.1 7.6 3.2 0.4 6.3 2.1 5.3 2.3 5.9 2.9 2.9 5.4 6.6 4.0 3.2 2.8 2.1 3.5 4.1 6.1 4.3 7.5 
0.7 3.5 2.9 3.2 2.7 4.7 2.6 2.3 3.1 2.6 1.1 3.4 0.4 4.2 1.5 0.6 3.9 0.2 1.3 4.3 1.8 2.9 0.5 3.3 0.1 2.6 0.3 1.0 3.2 1.7 
8.5 4.6 5.6 6.9 7.4 7.3 7.4 5.9 10.0 6.6 5.8 7.6 8.0 6.9 5.8 8.1 7.3 6.8 7.5 7.3 7.7 5.6 6.8 6.5 7.8 7.7 5.0 8.5 8.4 7.4 
10.0 8.8 10.0 9.5 10.0 10.0 8.6 10.0 10.0 10.0 8.2 10.0 10.0 7.7 10.0 8.7 10.0 9.6 10.0 9.0 10.0 10.0 9.2 8.6 10.0 9.1 8.0 10.0 10.0 9.9 
4.8 6.4 4.0 7.6 7.7 8.4 5.8 8.7 7.5 7.7 6.3 6.7 6.1 6.1 9.4 8.6 8.4 4.9 8.1 5.7 6.6 9.2 4.5 6.5 9.8 8.5 8.2 5.1 8.6 5.4 
5.1 5.8 4.3 7.1 4.9 5.4 4.5 5.2 3.8 5.8 5.6 4.7 6.8 5.5 6.7 5.0 7.4 6.0 6.2 5.0 5.1 4.0 4.5 5.1 7.1 4.6 5.8 6.0 4.1 4.6 
9.9 8.5 6.9 6.8 8.8 9.1 8.6 7.9 7.5 7.2 8.9 9.7 10.0 10.0 8.2 9.5 8.7 9.2 10.0 8.5 8.2 8.0 7.9 6.2 8.0 6.3 7.5 7.4 9.7 9.2 
2.9 5.1 3.8 3.2 7.4 5.9 5.7 5.0 1.9 5.8 5.3 5.7 4.9 4.2 3.6 4.6 4.9 5.1 4.7 5.7 6.2 4.7 5.2 2.4 5.9 3.4 3.3 5.5 4.9 5.8 
4.8 4.6 1.6 1.4 1.4 5.6 2.8 3.2 2.8 3.1 2.5 0.3 0.9 1.9 2.0 1.1 2.9 6.1 5.8 2.6 5.0 1.8 0.0 1.5 2.7 2.2 4.7 1.8 4.7 1.5 
7.6 5.3 4.9 6.3 3.0 6.2 6.4 3.1 4.0 4.3 2.2 5.7 6.0 3.5 6.8 6.3 4.0 2.4 7.4 3.5 6.7 1.3 7.4 3.8 4.9 5.6 5.6 4.5 4.4 6.5 
3.9 6.1 1.0 3.0 5.3 5.8 0.6 4.6 3.9 1.0 5.7 5.1 5.9 5.2 6.0 2.0 5.9 5.6 0.7 7.5 2.7 4.5 4.5 4.9 5.2 3.8 5.6 6.6 3.4 4.8 
3.8 0.0 0.6 2.4 0.0 0.0 2.6 0.6 1.4 2.1 3.2 5.9 0.9 0.0 0.3 0.4 2.8 1.3 5.0 3.0 2.1 1.5 4.1 0.9 1.0 1.3 0.8 3.2 2.7 3.6 
8.1 7.8 7.5 2.9 5.3 5.9 9.1 10.0 5.7 6.5 7.1 8.1 8.6 5.0 5.2 6.6 5.9 8.1 7.1 8.0 7.6 6.5 6.5 4.7 8.3 5.6 8.1 7.9 6.1 6.3 
3.4 5.2 1.2 3.2 3.4 2.2 1.0 3.6 1.2 0.7 1.0 0.1 0.0 0.7 2.3 5.2 3.7 3.7 5.8 0.6 0.0 1.2 3.7 0.6 1.6 1.5 3.0 4.0 1.2 4.5 
4.6 3.6 3.8 3.2 3.1 4.9 3.5 7.0 5.1 5.5 2.8 2.8 2.7 3.9 3.1 3.2 3.7 4.4 4.7 3.9 5.0 5.1 4.0 6.3 2.3 4.7 4.3 4.9 5.4 5.3 
1.4 2.5 1.8 3.9 1.1 0.0 1.8 1.9 3.6 3.9 3.2 3.2 0.0 0.5 2.9 0.7 2.5 1.3 2.4 2.1 0.0 1.0 0.8 1.6 2.2 1.6 1.8 4.1 3.1 1.6 
6.9 3.9 6.8 6.8 7.8 3.1 4.4 4.1 3.5 5.1 5.6 7.6 5.5 7.6 7.5 6.0 5.1 3.3 4.2 4.4 5.7 2.5 6.1 6.4 3.5 1.9 5.5 7.1 6.0 6.8 
3.7 7.3 8.6 5.8 6.5 4.7 8.0 7.0 6.9 6.7 6.1 7.5 6.4 6.3 7.6 7.7 5.8 5.2 6.9 8.2 3.0 5.8 6.2 6.2 3.9 4.1 3.9 9.7 7.8 6.6 
5.0 5.8 6.2 8.0 5.4 7.3 7.9 6.6 7.7 4.1 5.1 4.9 6.3 8.2 7.3 8.0 5.8 6.0 10.0 6.2 5.5 8.8 6.8 8.1 5.2 6.8 7.1 8.5 8.0 2.9 
4.9 6.1 6.1 7.1 5.2 8.2 9.8 7.5 6.1 8.8 7.8 10.0 5.1 8.5 8.5 8.7 10.0 7.5 5.7 8.4 5.0 8.2 6.4 4.5 7.0 5.7 7.1 6.7 6.6 8.4 
4.8 9.4 7.5 8.2 7.3 4.7 3.9 5.1 4.1 6.6 5.1 5.4 6.6 7.2 8.8 4.0 5.1 5.9 5.5 5.0 5.5 8.4 6.2 4.6 7.8 5.7 7.2 4.2 6.1 5.0 
5.8 6.6 8.8 4.9 5.9 7.6 8.0 4.1 3.7 7.3 4.5 5.2 7.0 5.0 7.6 8.8 5.1 6.2 7.2 8.1 7.2 6.4 8.5 8.1 5.7 4.5 8.3 7.7 5.5 7.5 
6.6 5.5 6.7 6.6 5.8 5.9 5.6 6.9 6.4 6.1 6.9 4.8 6.1 4.2 5.2 4.6 8.2 7.6 6.9 6.1 6.0 4.4 7.1 7.4 9.0 7.2 3.6 6.5 5.1 3.6 
7.3 8.8 7.4 6.9 8.7 8.1 8.9 8.3 7.6 9.0 7.3 9.4 7.9 8.3 8.2 9.1 8.0 8.0 10.0 5.7 9.1 8.6 9.9 7.4 10.0 9.2 7.9 7.4 10.0 9.7 
3.2 2.6 4.2 3.7 3.9 6.5 4.9 7.4 5.0 2.3 4.7 2.7 3.7 4.7 4.3 2.7 3.0 1.7 2.7 4.7 5.2 0.7 3.4 6.9 4.1 0.1 2.0 5.4 4.9 5.4 
3.4 5.0 7.6 7.5 3.9 8.5 7.1 8.4 9.7 7.3 6.4 6.1 4.4 5.2 5.2 5.4 8.2 5.6 4.4 6.6 7.6 6.6 7.3 4.2 8.2 7.3 7.6 6.7 5.1 7.9 
2.1 4.6 5.3 5.3 4.9 6.3 5.3 4.1 4.8 3.5 4.3 4.5 4.4 4.4 4.2 5.4 3.5 6.5 6.1 2.6 4.0 2.2 3.8 4.5 3.6 8.4 2.8 3.2 3.8 6.1 
0.0 3.5 2.5 0.7 2.8 4.4 3.5 4.5 2.2 0.2 1.7 2.4 1.9 2.7 3.7 1.3 1.8 5.3 3.6 4.1 2.3 3.3 1.8 3.2 3.2 0.2 0.9 2.1 2.7 3.0 
6.2 0.8 2.4 2.4 4.3 2.4 3.9 1.4 3.3 0.0 2.3 0.9 3.7 4.0 4.2 3.1 3.0 1.5 2.9 2.5 3.6 1.8 3.1 1.2 2.4 3.9 5.7 3.8 5.9 4.8 
7.2 8.6 4.9 7.9 9.9 5.6 9.4 6.9 7.6 8.0 6.9 6.6 7.2 6.1 6.9 6.5 7.0 7.4 4.9 8.7 7.3 7.0 8.6 7.4 8.2 8.5 8.5 8.6 8.1 6.6 
1.5 2.0 0.0 4.7 2.4 3.6 2.7 3.9 2.2 1.0 2.7 4.4 2.4 3.2 2.2 2.5 3.8 3.6 4.1 4.9 2.2 4.6 3.1 5.1 3.6 3.5 1.8 3.7 2.5 5.0 
4.6 1.4 5.3 3.0 4.2 4.7 1.5 4.3 3.5 3.9 3.3 6.3 2.7 5.4 3.2 4.0 3.1 3.5 6.6 3.4 5.7 2.7 4.3 5.6 6.1 3.6 5.9 5.7 3.5 4.2 
4.9 6.5 6.5 2.6 7.7 5.0 4.8 4.2 6.5 5.3 6.9 3.7 7.4 7.4 5.1 6.7 5.3 7.4 6.2 7.9 5.4 3.6 6.1 6.5 6.6 7.4 6.9 6.1 5.2 4.4 
4.0 3.9 5.2 6.0 4.2 5.3 4.8 6.8 5.7 6.4 7.6 5.3 4.2 5.8 5.2 6.1 8.1 6.5 4.8 8.1 2.1 7.6 5.2 6.6 3.6 6.6 8.0 5.1 7.9 6.4 
5.5 3.9 3.0 5.4 2.2 1.7 6.1 3.1 6.3 4.1 3.2 4.0 6.0 3.0 2.2 3.7 4.1 5.2 2.3 2.5 3.4 6.1 2.6 6.1 0.8 3.3 4.6 3.1 4.2 3.5 
6.1 5.8 3.5 3.8 5.7 3.6 3.8 1.1 1.4 3.3 3.7 6.8 6.4 6.3 7.2 3.8 5.9 4.2 6.4 3.2 4.9 5.5 4.0 2.1 6.8 6.8 3.3 1.2 4.0 6.7 
5.4 3.1 2.4 2.1 2.9 3.2 2.4 2.9 4.0 1.2 2.9 3.3 2.0 2.0 1.9 1.1 4.7 2.5 1.8 4.9 4.5 2.6 5.4 4.1 1.1 1.4 2.3 0.5 0.7 2.9 
6.1 6.1 7.1 5.1 2.3 8.2 5.9 5.9 6.4 5.6 1.3 7.2 6.6 5.5 3.5 4.2 5.9 6.9 4.2 6.4 7.4 2.1 4.1 6.3 4.2 7.0 7.3 3.7 6.6 3.9 
8.9 10.0 9.1 7.3 5.8 8.9 6.1 8.1 7.2 8.2 6.8 10.0 9.0 9.1 6.7 9.7 7.0 7.5 8.3 8.6 8.7 7.0 8.1 9.6 7.9 7.9 8.7 7.7 9.8 5.4 
7.6 5.4 4.8 6.6 6.2 4.1 4.8 4.3 7.8 5.7 7.5 6.2 6.8 3.7 4.3 1.9 7.7 6.0 6.3 6.6 3.5 5.8 7.3 5.0 8.3 8.1 7.2 7.9 4.9 5.7 
5.9 1.4 3.7 4.5 4.7 5.0 2.2 1.9 4.6 4.0 4.8 1.1 7.4 3.5 4.2 6.2 5.0 4.5 4.8 3.3 5.3 4.1 3.7 2.2 3.9 5.6 5.0 2.2 2.4 3.0 
3.4 4.2 5.3 3.0 1.9 2.2 3.6 3.3 1.2 4.9 2.1 5.0 2.5 3.2 4.9 6.2 1.3 0.2 3.9 4.6 1.8 2.8 4.1 1.0 4.1 2.5 3.4 2.4 1.6 3.6 
5.2 5.9 6.8 6.9 6.9 5.8 5.0 7.7 3.0 4.7 8.1 7.6 5.0 4.8 7.2 5.5 5.5 7.7 4.4 8.2 6.7 7.3 5.9 4.7 6.7 5.8 7.0 5.4 7.2 6.0 
4.1 4.0 0.0 2.4 4.5 5.3 0.7 0.0 4.6 0.9 4.4 2.4 2.4 5.2 4.7 2.2 6.1 2.7 7.3 4.7 1.7 3.6 3.2 4.9 0.7 5.4 1.5 1.2 1.9 2.9 
4.1 6.2 7.1 6.4 5.0 4.1 5.9 4.6 3.3 6.1 5.1 3.6 2.6 1.7 2.2 6.1 5.9 1.8 4.8 7.1 5.3 6.7 3.5 1.5 3.6 3.8 5.4 4.3 5.7 4.6 
2.9 5.9 6.1 5.0 3.7 4.0 2.5 5.0 1.9 4.1 3.0 6.9 3.4 6.0 5.8 4.0 5.0 5.5 5.1 6.2 3.9 2.1 6.1 4.6 6.2 5.8 3.4 7.0 4.3 7.7 
4.3 3.1 5.3 3.9 6.4 2.3 3.8 1.7 6.0 4.3 3.2 2.1 2.9 7.2 1.3 7.5 2.7 4.2 2.7 3.6 6.2 4.1 4.0 3.0 1.7 7.0 4.1 3.4 7.3 6.2 
8.1 5.6 6.1 7.8 4.9 3.6 6.0 7.2 3.8 4.4 4.9 6.2 5.6 6.1 7.3 7.1 7.1 5.0 7.0 5.5 6.0 4.0 8.2 6.3 4.1 5.9 8.7 5.8 5.5 3.7 
9.6 7.5 8.4 8.3 10.0 6.5 9.5 8.9 6.9 8.7 5.4 8.3 9.2 9.1 8.9 9.1 9.3 9.8 10.0 10.0 7.8 8.1 7.4 10.0 6.4 10.0 9.3 9.7 7.5 9.8 
8.0 5.1 4.9 5.0 7.2 6.0 2.8 3.3 5.7 5.0 5.1 2.9 4.2 6.6 4.4 5.1 6.8 5.1 5.0 2.3 6.0 3.7 5.0 5.8 3.2 6.4 6.8 5.1 6.2 5.4 
4.1 0.9 1.0 2.5 3.9 4.7 0.0 1.3 3.1 3.6 2.6 0.0 1.6 4.0 3.2 2.5 3.5 0.0 1.9 2.7 2.4 3.2 0.8 2.0 0.0 1.9 3.3 2.5 2.9 1.5 
6.5 1.2 2.1 4.7 7.3 3.5 7.8 2.3 2.2 4.9 4.5 1.8 2.3 4.6 2.9 5.0 5.4 3.2 1.5 3.9 5.6 2.9 3.4 1.0 3.8 3.5 0.0 4.8 2.3 4.7 
6.0 5.1 5.4 5.0 6.0 5.2 5.0 6.5 6.5 5.6 4.4 4.7 6.3 3.5 5.6 7.2 5.1 3.6 3.5 4.4 3.2 4.5 3.9 1.6 5.8 1.6 5.2 2.0 5.3 5.1 
2.4 3.2 3.7 3.8 2.3 2.2 0.0 4.4 6.3 2.2 2.8 1.8 2.1 2.0 4.4 0.0 3.7 2.2 3.1 1.5 0.9 3.8 0.9 4.7 2.6 3.0 2.0 0.6 2.1 1.9 
2.6 8.1 5.4 6.0 6.2 6.0 2.6 3.1 4.4 4.4 3.8 5.5 6.2 2.8 2.5 5.0 1.7 4.4 6.1 5.7 2.6 3.7 5.1 2.2 6.1 5.9 3.5 2.8 0.6 5.2 
8.8 6.1 8.9 6.7 7.5 8.0 4.3 7.3 8.5 5.2 7.8 5.2 8.5 7.7 6.2 8.7 7.9 4.4 5.9 6.8 5.5 5.9 8.8 7.7 6.1 7.5 8.2 7.7 6.3 6.6 
6.1 3.2 8.4 5.3 4.9 4.4 5.5 7.0 4.5 6.0 7.6 6.6 4.9 4.7 5.8 6.2 7.7 1.7 7.6 6.6 5.1 4.8 7.9 5.9 6.8 8.8 3.8 5.7 7.6 6.6 
5.0 3.8 5.4 4.7 6.3 2.0 3.4 3.5 2.3 3.3 3.7 3.2 4.5 6.5 2.6 3.8 6.7 4.8 2.8 1.5 3.5 2.9 5.2 3.2 2.5 4.7 6.4 2.6 5.9 3.4 
5.8 5.0 5.7 3.6 4.8 7.3 3.0 6.3 7.4 7.4 7.9 5.4 5.7 8.3 7.2 6.4 5.5 3.9 6.5 5.2 7.7 7.6 7.1 3.4 7.2 4.7 5.7 5.8 5.9 6.7 
10.0 5.5 7.4 10.0 9.5 6.5 8.4 9.0 6.0 5.9 5.8 7.2 5.2 7.5 7.1 5.4 6.3 6.4 7.6 5.9 7.7 7.6 10.0 7.5 6.8 9.3 7.2 8.2 6.2 8.1 
4.1 6.9 7.7 5.8 7.0 8.8 8.8 7.2 8.2 8.9 7.5 8.1 7.4 7.4 6.5 8.6 7.5 7.2 8.9 8.9 8.9 8.7 6.4 8.4 8.9 7.9 8.4 8.4 6.3 8.5 
9.2 8.1 9.1 10.0 6.5 8.5 6.1 10.0 5.5 8.5 8.3 7.5 9.2 6.7 8.8 7.1 5.1 7.8 8.3 8.2 8.9 7.5 6.8 8.9 7.5 9.7 6.9 8.2 8.5 8.4 
0.7 0.0 1.6 0.6 1.2 2.2 3.6 0.9 0.0 4.6 0.7 3.1 1.9 0.8 0.7 2.0 0.3 2.0 1.4 0.0 0.6 4.2 0.3 0.6 1.1 3.3 0.0 3.2 2.0 0.2 
3.2 4.3 1.6 3.9 5.1 6.2 4.3 4.6 2.9 2.3 1.5 4.2 3.4 3.6 5.6 4.3 1.7 2.9 1.6 3.7 4.4 4.4 3.5 2.8 4.7 5.5 3.9 4.7 6.8 6.3 
4.6 8.9 6.3 8.4 5.6 5.1 4.8 4.7 6.7 5.8 5.7 6.5 7.3 6.5 4.5 2.6 10.0 7.1 7.5 5.8 8.5 4.2 6.3 8.9 7.9 7.7 7.9 5.0 6.0 9.7 
4.2 4.9 4.4 7.1 6.2 5.3 6.9 5.3 4.7 4.1 4.7 5.5 4.5 1.7 5.9 6.4 7.2 4.1 5.6 4.7 2.7 3.6 5.3 7.1 4.4 4.8 6.4 3.5 3.8 7.2 
3.0 5.6 3.5 4.7 3.8 6.9 5.6 5.1 5.4 5.0 5.0 7.2 4.9 5.8 2.7 2.9 3.8 6.2 4.9 5.0 4.7 5.3 4.5 4.9 4.2 5.4 4.7 6.6 6.3 4.3 
2.4 1.8 2.1 2.4 2.9 4.3 2.4 1.5 4.9 4.0 3.7 4.7 0.7 0.6 4.7 4.1 2.3 2.0 1.9 3.6 1.4 3.1 2.6 1.0 0.7 1.7 2.3 1.8 2.7 2.0 
6.7 8.8 8.6 8.9 7.5 10.0 5.4 9.2 8.3 8.9 7.4 8.8 9.4 6.0 9.0 10.0 9.0 6.6 9.7 7.3 6.1 7.8 9.1 7.6 9.6 9.4 8.4 7.2 6.9 8.7 
8.5 8.5 7.5 9.5 10.0 10.0 9.7 10.0 8.5 7.4 10.0 6.3 8.9 9.2 9.5 10.0 7.4 10.0 10.0 9.9 9.8 9.6 10.0 9.5 6.3 8.6 8.3 8.6 6.5 8.1 
0.6 1.1 2.0 3.0 0.1 5.1 1.8 1.9 0.4 1.1 3.8 5.1 1.0 3.3 0.1 2.4 0.0 1.9 1.7 3.8 1.0 0.0 0.3 0.1 0.1 1.9 3.4 2.6 1.3 3.2 
6.5 5.6 6.9 6.8 7.5 9.6 5.6 7.3 5.2 6.2 9.3 5.8 7.4 6.3 7.5 6.6 7.5 5.7 6.2 5.8 7.1 5.6 5.3 5.9 5.3 7.3 5.0 7.8 3.1 8.5 
2.4 3.7 5.3 4.3 4.1 5.9 3.2 3.6 4.5 3.4 4.7 5.7 3.8 4.5 2.5 3.8 6.0 5.5 2.7 4.5 1.7 2.8 2.7 3.6 2.7 4.4 3.5 2.1 2.2 4.6 
5.1 5.6 7.9 6.2 6.8 7.3 9.0 5.0 3.9 6.0 4.1 8.0 6.4 6.1 3.1 7.4 8.2 9.1 6.8 7.7 8.3 7.4 6.3 9.2 8.0 7.4 8.0 7.8 8.0 5.3 
1.5 1.0 4.1 5.1 3.2 1.0 3.1 3.1 1.8 3.6 3.5 3.7 2.0 3.7 2.1 1.4 2.5 3.7 3.1 2.0 2.7 2.9 5.1 2.2 3.2 5.1 5.2 1.5 2.8 1.1 
7.5 7.6 4.5 7.5 7.9 7.1 7.8 7.8 5.7 7.1 6.7 6.0 6.9 5.4 4.7 3.5 5.4 8.4 5.0 8.4 7.4 7.9 5.7 7.5 8.4 5.2 6.7 5.8 6.3 7.8 
0.2 4.5 3.5 4.1 4.2 5.4 4.9 5.6 5.9 2.1 1.9 4.9 4.5 5.2 3.5 5.4 4.6 5.1 6.7 3.5 4.8 6.7 5.8 3.9 3.7 4.7 3.8 2.7 3.8 5.6 
5.0 5.2 3.1 3.1 4.1 4.9 2.0 4.8 4.7 2.9 0.1 3.6 3.8 3.1 4.7 3.0 5.5 2.9 3.3 3.7 3.6 3.9 3.7 5.8 3.0 3.8 4.2 5.3 3.3 5.5 
3.7 6.7 5.0 4.3 3.3 4.2 1.9 5.6 6.1 5.1 4.3 6.7 2.6 4.8 5.5 4.9 5.5 3.2 5.5 5.8 6.1 6.8 6.1 3.4 3.1 4.6 6.1 4.7 6.0 6.1 
5.1 5.1 5.3 6.2 3.0 3.9 4.5 0.0 8.0 3.5 4.2 4.4 2.4 6.4 1.7 4.7 3.6 5.5 2.7 0.8 4.5 3.0 5.6 3.0 2.0 6.6 5.7 4.1 2.4 3.9 
2.9 5.2 1.5 4.4 3.5 3.1 3.2 2.5 3.3 2.9 2.7 7.4 4.3 3.9 0.7 3.8 4.3 1.2 0.9 3.5 0.5 2.6 2.3 0.0 1.5 0.4 3.7 3.1 0.9 0.9 
4.0 2.9 0.7 3.3 2.0 0.0 3.2 3.3 0.8 0.2 0.0 1.8 1.8 2.4 2.6 2.3 0.6 2.2 2.1 2.1 0.0 2.2 3.8 1.4 1.0 4.4 1.6 0.9 0.0 2.0 
6.6 7.2 3.7 6.4 2.9 4.9 5.3 5.0 4.2 5.6 4.2 6.1 4.8 5.2 3.8 3.4 5.3 4.6 3.0 6.0 4.9 3.2 5.0 6.1 5.3 6.0 6.8 3.8 4.2 4.2 
10.0 10.0 10.0 10.0 10.0 10.0 10.0 9.1 10.0 10.0 10.0 9.9 9.5 10.0 8.8 10.0 8.4 8.9 10.0 10.0 9.2 10.0 10.0 10.0 10.0 10.0 10.0 10.0 10.0 9.5 
3.2 5.1 3.5 6.9 7.8 6.0 6.4 8.0 6.5 5.4 4.3 4.1 5.7 4.5 6.1 6.8 5.2 3.8 6.3 8.6 8.9 5.5 4.8 5.5 8.1 3.7 7.6 4.6 5.2 7.1 
3.4 5.5 2.1 4.8 3.9 2.9 4.0 4.6 5.1 4.3 3.7 4.4 3.1 3.5 7.9 5.5 6.1 5.0 5.5 4.3 3.0 4.9 5.1 4.8 6.0 4.5 6.2 5.6 4.9 4.0 
1.8 2.3 1.4 1.8 1.6 3.2 2.0 3.4 3.4 3.1 0.6 3.4 2.7 2.5 3.6 1.3 3.4 1.3 3.9 2.3 2.9 6.4 1.8 0.9 2.6 2.1 2.7 0.3 3.7 3.4 
2.5 0.8 2.7 0.0 1.5 3.6 2.2 0.9 1.8 2.8 2.3 2.1 2.0 2.2 3.0 0.5 1.1 1.7 1.0 3.0 1.1 0.2 1.7 1.0 2.1 0.0 5.7 1.5 1.4 3.2 
6.5 5.9 6.3 4.0 5.4 8.4 4.1 2.6 4.8 6.1 6.5 6.6 6.0 5.3 6.2 6.7 6.8 5.2 8.2 6.7 6.8 5.4 6.0 4.9 7.4 5.9 7.4 4.0 6.3 6.2 
8.4 6.8 4.1 5.5 6.8 4.4 6.3 5.0 7.6 5.4 6.1 4.3 4.3 5.8 4.5 5.5 5.3 4.2 4.9 4.9 2.0 4.4 6.3 4.9 5.8 4.7 8.6 6.0 7.5 5.0 
4.5 5.2 6.0 4.8 4.3 2.6 5.2 5.0 3.8 4.0 6.2 3.3 3.7 3.4 6.5 4.8 2.4 6.3 4.1 6.4 2.8 5.0 3.3 4.4 2.9 5.3 5.1 4.4 3.6 4.0 
5.2 7.4 6.2 10.0 4.2 6.2 6.1 8.9 9.6 3.2 6.5 7.8 5.2 8.4 6.0 6.4 8.9 9.0 5.2 4.8 5.6 6.3 5.6 8.3 5.1 8.0 9.1 6.6 4.9 7.3 
4.3 7.7 9.8 8.9 8.6 7.4 6.2 5.9 8.5 7.1 5.3 7.3 5.5 7.4 6.9 8.0 9.1 6.7 8.9 8.5 5.5 5.7 6.7 9.1 6.7 8.5 4.9 6.6 8.8 7.6 
10.0 10.0 9.7 9.0 9.9 10.0 10.0 10.0 10.0 10.0 10.0 10.0 9.6 10.0 10.0 10.0 10.0 10.0 8.5 10.0 10.0 10.0 10.0 10.0 9.9 10.0 10.0 10.0 10.0 10.0 
5.0 4.7 4.0 5.5 3.9 6.2 3.5 3.6 4.9 1.9 3.7 2.2 5.6 5.0 4.6 3.2 4.1 1.8 2.3 4.1 3.8 4.6 3.5 3.0 2.9 7.6 5.2 5.1 0.0 2.1 
5.3 4.9 1.4 3.8 4.8 5.4 5.8 3.4 5.0 5.5 5.6 6.2 2.5 5.3 4.7 7.6 6.2 4.5 3.4 2.2 4.6 3.9 4.0 4.5 3.9 6.3 2.6 3.3 5.3 3.7 
4.9 5.6 4.4 4.5 5.0 5.6 7.3 6.0 6.7 5.7 5.7 5.6 5.4 4.1 4.7 5.6 3.9 7.0 6.3 8.5 7.0 6.9 7.3 6.4 5.5 4.2 6.3 3.1 8.7 7.1 
6.5 8.6 5.9 7.2 8.0 7.0 7.9 7.4 5.8 6.2 7.4 7.5 8.7 4.9 5.1 5.9 3.2 6.0 6.6 6.2 2.1 8.2 4.3 7.2 6.0 6.8 7.0 6.9 4.6 6.8 
7.3 6.2 5.6 7.3 4.6 7.4 6.5 7.6 7.7 5.9 5.0 8.5 8.5 7.5 6.3 9.3 10.0 7.7 8.7 6.6 7.5 7.4 7.9 6.5 6.8 6.4 7.4 9.2 5.3 6.3 
8.6 7.8 8.5 8.8 6.9 9.1 9.9 5.7 7.9 6.2 7.4 6.5 9.3 8.3 9.1 5.7 10.0 6.7 7.2 7.2 7.6 8.3 4.3 8.2 7.9 10.0 7.4 9.7 4.7 10.0 
10.0 8.6 5.4 4.0 5.7 8.4 5.1 8.5 9.0 4.9 6.2 2.7 6.7 10.0 6.1 5.1 6.4 5.4 6.8 6.6 8.4 5.1 7.0 7.8 9.5 5.3 5.0 9.3 6.6 5.6 
6.2 4.2 7.1 4.7 6.0 7.1 6.6 7.4 6.2 6.2 6.6 7.3 3.8 7.8 5.9 2.7 8.3 5.2 3.2 8.6 5.0 7.5 6.0 7.2 6.2 5.7 6.2 7.4 4.4 5.3 
5.8 4.9 4.9 7.0 5.5 6.2 6.1 5.8 6.7 4.7 4.3 4.3 4.5 5.7 5.0 3.2 6.8 5.6 8.1 4.4 6.7 3.6 5.6 6.6 6.4 5.5 4.6 7.3 5.0 3.2 
0.0 1.9 1.5 1.3 0.4 0.2 0.1 1.4 0.0 1.2 0.0 2.6 1.0 0.0 0.0 0.9 0.5 0.8 2.6 0.0 0.0 0.0 0.0 2.2 0.3 0.0 0.8 0.1 0.0 2.0 
7.6 6.6 5.9 7.8 10.0 7.6 4.7 9.7 5.8 5.8 6.5 6.1 8.8 9.4 5.7 8.4 6.9 6.8 6.8 6.9 9.5 7.2 4.8 6.0 8.7 6.6 7.7 7.5 8.2 6.7 
8.5 6.3 6.6 6.3 3.2 5.6 4.5 3.2 6.8 6.4 3.8 4.8 4.7 6.3 5.8 5.8 6.8 4.5 4.6 6.7 4.1 4.6 6.2 4.2 4.1 4.5 5.4 5.7 4.3 7.3 
6.7 4.8 4.5 5.7 5.3 3.9 3.2 3.4 4.1 5.5 5.9 6.3 4.9 2.2 4.0 5.6 3.2 5.8 6.2 5.7 2.7 4.9 4.3 3.3 3.9 4.6 5.3 9.0 5.8 4.8 
9.3 8.7 9.5 8.9 6.4 7.9 7.3 6.8 8.6 6.6 6.9 6.9 7.6 5.8 7.6 8.5 8.6 5.0 9.1 9.7 7.0 8.1 6.8 7.5 7.5 9.0 6.9 8.3 8.7 7.9 
3.2 0.0 0.5 0.9 1.0 0.9 0.0 1.6 1.9 0.7 1.7 1.3 0.0 1.4 2.2 0.0 3.1 1.9 1.8 0.0 4.7 0.7 2.2 1.4 3.5 2.1 3.3 0.0 0.6 0.0 
10.0 9.5 9.9 7.9 10.0 9.1 8.8 7.3 9.3 8.1 10.0 6.6 9.8 8.7 10.0 9.3 10.0 9.6 7.7 10.0 9.4 7.7 9.5 10.0 9.4 8.7 7.8 8.6 6.7 10.0 
4.2 7.8 5.0 6.7 5.2 5.0 4.3 5.4 4.5 4.5 6.8 6.1 6.2 5.2 4.6 5.9 6.3 5.4 5.4 6.3 6.8 5.2 6.4 7.2 4.8 5.0 6.0 1.1 5.8 6.7 
6.5 3.3 6.1 3.3 4.7 3.5 4.5 4.5 5.4 5.4 4.9 5.9 6.2 7.2 1.5 4.7 4.6 6.6 3.9 5.4 5.0 1.3 6.7 3.1 4.6 3.8 6.5 4.5 4.4 4.9 
3.7 2.2 0.4 1.5 2.0 1.0 0.0 1.2 0.2 0.9 1.5 1.8 2.9 4.2 1.7 3.1 0.0 1.9 1.8 4.0 1.2 0.0 1.8 1.6 0.3 1.9 2.4 1.1 1.5 0.0 
3.3 4.7 1.9 3.9 4.1 1.8 1.6 3.3 6.1 3.3 3.6 0.3 2.3 2.8 1.6 4.7 4.5 2.0 4.0 3.9 0.8 1.5 5.2 1.9 1.4 2.1 3.4 2.3 3.7 3.4 
4.3 1.3 4.5 1.9 0.8 0.3 0.8 1.2 2.1 1.9 1.8 2.7 1.5 2.6 0.1 1.1 0.8 0.0 0.0 1.3 0.0 0.0 1.0 2.8 0.0 0.9 4.1 0.0 3.2 1.3 
6.4 3.6 4.2 2.3 1.6 2.7 1.1 3.4 4.0 0.4 2.0 0.0 4.0 2.3 3.8 1.3 1.0 0.8 1.6 1.1 0.8 0.9 5.3 0.0 1.3 2.6 2.2 0.1 1.0 1.4 
9.9 8.2 5.2 6.7 7.4 8.6 6.3 7.1 9.5 7.5 8.7 7.4 6.8 8.5 8.7 9.3 8.1 7.8 6.2 9.2 9.3 8.2 5.6 8.1 9.7 9.1 7.3 5.5 6.1 8.9 
7.4 5.6 4.9 7.9 4.2 10.0 9.0 5.4 4.8 3.6 7.0 6.1 6.7 8.2 6.5 9.0 7.5 5.2 5.8 8.5 7.0 9.5 8.2 6.7 7.2 6.4 6.7 6.9 5.7 5.6 
2.5 2.8 2.0 2.6 1.9 3.9 3.8 5.0 0.5 4.1 3.8 5.1 3.3 4.8 3.0 3.0 4.6 2.8 4.3 2.0 2.1 2.2 0.5 5.7 6.8 1.0 3.7 3.5 0.3 4.4 
1.5 3.0 4.1 0.4 3.5 1.2 3.7 2.0 0.0 1.2 2.1 4.1 4.0 4.5 3.3 3.5 2.9 2.8 2.7 5.3 4.3 0.9 2.7 3.5 4.4 2.4 2.3 5.0 2.7 3.1 
7.8 9.2 9.9 9.0 8.1 10.0 8.0 9.1 8.8 8.7 7.3 8.3 10.0 7.7 8.5 10.0 10.0 9.9 10.0 9.5 10.0 7.8 9.8 4.4 9.9 7.3 9.3 7.1 9.0 9.0 
4.9 2.5 4.1 5.3 3.5 5.2 3.3 3.0 1.9 2.4 6.8 2.1 5.0 3.8 1.8 4.7 2.1 1.6 3.9 4.1 3.2 4.1 6.3 3.2 6.1 2.9 3.8 2.2 4.5 3.6 
4.0 6.7 4.1 3.6 4.9 5.4 5.9 4.9 4.2 6.8 5.7 6.2 6.0 6.5 5.5 7.9 6.4 6.0 6.6 3.6 7.0 6.4 3.5 6.6 5.1 2.9 9.1 2.5 5.9 8.5 
7.3 7.8 7.6 8.7 9.1 6.0 8.4 6.0 9.1 9.6 7.2 5.7 8.9 7.3 6.7 6.6 9.2 6.4 7.3 6.1 10.0 7.5 10.0 5.4 6.5 6.2 7.3 7.8 8.8 7.5 
0.2 2.5 0.9 1.7 1.9 0.0 2.4 0.6 1.8 2.4 4.9 1.6 1.1 0.3 0.0 0.0 0.0 3.0 0.0 0.1 2.9 4.2 3.0 1.6 1.7 2.1 2.4 0.8 1.8 0.0 
7.5 5.1 5.8 4.8 4.5 6.2 6.9 5.4 6.7 4.4 5.1 3.4 8.2 5.5 8.8 3.6 5.8 7.1 2.6 7.0 4.1 4.8 3.6 6.5 8.1 7.3 4.2 7.7 6.1 6.2 
1.5 4.9 5.4 0.2 5.6 1.9 5.1 3.6 4.7 3.6 2.0 0.4 2.0 4.9 3.7 1.6 2.0 0.1 3.2 2.7 2.8 2.3 4.0 2.9 5.1 5.4 1.1 4.1 3.2 1.7 
1.3 1.2 4.7 1.8 2.2 2.6 2.2 0.0 3.1 2.4 3.3 3.8 0.9 0.0 3.4 2.6 2.2 3.9 1.6 4.1 0.9 3.0 1.5 0.0 2.2 2.5 3.2 4.3 4.0 2.0 
6.0 5.1 5.4 4.6 4.6 5.9 3.8 8.2 4.1 4.9 7.1 2.8 5.1 4.0 3.8 4.5 4.5 3.2 2.5 1.7 6.4 4.4 4.5 5.4 3.8 5.1 8.3 6.4 7.6 4.0 
3.8 6.0 3.8 1.4 2.7 4.6 6.3 1.3 5.6 3.4 3.4 2.7 7.9 4.3 4.9 5.8 5.9 4.2 5.4 4.8 2.1 3.3 4.1 3.5 3.4 6.1 3.7 5.1 4.2 4.2 
6.3 3.1 4.2 4.0 1.2 3.4 4.8 6.1 2.9 4.1 3.9 2.8 0.0 6.6 3.8 5.0 3.5 0.0 3.0 4.6 1.8 0.0 2.4 5.8 4.5 2.9 4.5 4.5 0.6 4.8 
10.0 5.4 7.5 5.6 5.1 8.7 7.6 9.1 5.4 4.2 7.5 8.0 9.3 6.0 8.5 6.5 9.0 4.9 5.4 9.4 7.5 5.9 5.5 7.0 7.4 9.6 6.6 6.1 5.6 7.4 
9.3 6.1 7.4 7.8 6.8 8.7 9.7 7.5 8.0 8.5 8.4 7.6 8.2 6.6 6.5 6.9 10.0 8.6 7.9 6.1 5.6 8.1 10.0 8.6 9.1 5.9 9.7 9.2 8.5 6.3 
5.8 4.9 4.4 4.4 6.2 4.5 3.4 4.0 6.7 1.3 7.2 4.9 3.7 5.2 4.3 6.6 2.1 4.7 4.1 1.6 4.4 6.4 5.7 2.2 4.3 5.3 6.1 5.5 5.5 5.0 
3.3 2.9 1.3 7.0 2.7 2.2 5.4 1.5 3.1 3.5 2.6 5.1 4.3 2.3 2.4 2.9 3.4 1.6 4.4 2.6 0.0 2.9 5.5 7.3 5.1 4.1 4.4 4.1 5.7 3.0 
4.3 4.4 3.7 6.1 3.2 4.6 0.5 3.6 5.3 5.1 8.8 4.7 4.4 2.7 5.0 4.7 2.3 5.0 3.2 3.1 5.8 3.8 5.7 2.1 4.9 2.4 2.0 4.0 3.5 3.9 
7.2 5.0 5.7 7.8 7.9 7.1 6.2 5.8 2.9 4.3 7.6 8.1 7.0 5.6 3.1 6.7 6.6 5.9 5.2 3.0 6.9 5.3 5.7 6.9 3.2 6.9 4.9 3.9 6.5 7.2 
5.0 3.5 2.4 4.3 0.6 0.0 2.0 4.5 2.2 3.3 5.0 4.0 4.7 5.7 4.6 1.6 2.8 5.7 1.4 1.4 4.0 1.8 3.5 4.4 2.6 2.6 3.7 1.5 2.0 3.9 
2.9 6.3 4.9 4.0 3.2 3.4 1.3 0.7 8.5 4.9 4.5 4.4 4.2 1.6 5.0 6.7 1.8 6.7 3.1 4.5 5.9 4.7 2.2 3.0 3.5 3.5 3.0 4.2 3.6 3.4 
6.7 3.9 6.8 4.9 4.7 9.2 3.8 5.5 2.6 5.1 6.3 7.6 6.1 5.3 7.5 5.3 7.3 3.2 7.8 5.1 4.0 5.3 4.7 6.1 5.7 6.0 4.2 4.2 3.4 4.3 
8.7 9.1 6.3 8.3 5.9 7.0 9.4 9.0 8.5 6.4 8.1 7.7 4.0 6.9 9.2 5.5 8.3 7.4 9.2 7.2 7.4 7.4 7.7 8.7 6.7 6.7 7.7 4.0 7.6 8.3 
9.4 8.4 9.6 7.5 5.7 8.5 7.6 5.2 8.4 7.8 8.1 6.7 8.6 6.6 8.1 8.5 8.4 8.1 9.8 6.3 7.0 7.7 9.8 9.5 9.4 7.4 7.6 8.4 7.3 10.0 
7.7 7.9 8.8 5.0 5.5 7.1 8.7 7.5 6.0 8.3 7.5 7.1 5.9 7.7 7.0 8.7 6.6 7.2 4.3 3.2 7.5 9.0 6.8 8.4 5.1 7.6 7.4 5.5 5.4 5.9 
5.1 5.8 4.2 6.8 5.5 2.8 3.5 4.9 2.9 3.7 3.2 4.4 6.2 3.3 4.4 3.4 5.6 3.0 4.8 3.4 2.9 5.5 2.1 4.2 2.8 5.7 6.9 2.9 4.0 6.6 
6.2 4.9 2.4 7.0 8.5 5.0 6.8 4.0 7.6 9.3 4.3 6.1 5.3 8.6 6.1 7.0 7.3 4.8 6.1 6.2 3.9 5.7 6.0 5.6 6.8 7.5 6.3 7.6 7.6 8.1 
9.0 8.8 9.0 9.3 6.5 9.4 8.6 9.2 6.8 9.7 9.8 8.3 10.0 8.2 8.5 10.0 8.9 10.0 10.0 7.4 8.4 8.7 10.0 9.6 6.0 8.6 9.5 7.2 10.0 9.4 
8.8 9.0 6.0 10.0 5.3 10.0 6.0 6.2 6.6 9.6 9.6 7.1 8.2 6.6 7.1 7.2 8.9 6.2 9.3 8.1 6.2 6.0 6.7 6.2 7.5 6.4 6.1 8.7 7.1 7.8 
9.4 6.6 10.0 9.8 8.0 10.0 8.7 10.0 8.4 7.6 7.8 10.0 9.6 9.0 8.1 7.6 7.9 7.2 8.4 7.8 6.8 10.0 9.3 8.2 8.4 10.0 7.8 7.5 10.0 8.9 
6.6 7.1 6.1 4.4 5.0 6.9 7.5 6.5 6.5 7.8 7.0 7.5 8.0 5.9 9.0 4.4 4.5 7.2 9.9 3.1 6.8 5.3 7.9 8.7 9.1 6.5 8.1 7.5 5.6 8.9 
0.0 2.8 0.0 3.6 0.0 1.1 0.0 3.9 0.8 2.1 4.0 1.1 1.1 3.0 2.3 1.5 0.9 3.2 0.0 3.0 4.9 1.9 1.8 1.2 3.6 1.5 4.0 2.7 0.6 1.6 
9.7 7.4 9.1 6.9 7.8 6.6 6.5 6.7 9.8 7.6 6.1 8.7 10.0 8.5 6.3 8.7 9.6 6.4 8.0 5.0 7.3 9.4 6.5 6.4 6.9 7.6 7.8 6.7 6.8 6.8 
4.4 7.2 5.6 5.9 10.0 6.1 7.9 7.7 7.6 10.0 10.0 8.3 7.5 4.5 9.2 8.5 7.4 8.6 6.9 5.8 7.6 7.4 7.0 7.8 7.7 9.0 4.3 7.4 9.1 5.5 
3.4 3.5 2.2 5.5 4.4 4.2 5.6 4.2 3.8 2.4 5.8 2.1 5.6 3.8 4.2 3.8 2.0 2.4 2.3 3.2 5.8 5.0 3.9 4.6 2.3 5.0 7.6 4.0 3.9 4.1 
9.1 9.6 7.8 10.0 10.0 10.0 7.4 10.0 10.0 9.8 8.8 7.7 10.0 10.0 9.2 8.7 9.2 7.6 8.3 10.0 8.1 6.9 8.8 9.0 10.0 10.0 8.7 10.0 8.7 9.8 
4.6 5.2 7.1 6.1 6.8 3.1 7.3 6.9 4.4 5.9 3.9 4.7 7.9 3.7 4.8 4.5 5.7 5.1 4.2 4.6 2.1 7.5 3.3 7.2 8.9 6.4 7.2 3.3 6.0 6.5 
6.0 8.5 5.9 10.0 8.1 5.7 6.6 4.0 8.1 5.9 9.1 3.9 5.5 9.1 5.1 10.0 7.6 6.6 5.2 8.2 7.2 7.7 9.0 6.9 6.9 4.9 7.3 6.2 6.5 2.2 
2.4 5.2 3.4 5.5 3.0 4.7 3.8 3.7 3.8 3.2 4.8 3.0 2.7 3.5 0.6 2.3 1.9 4.4 3.4 3.5 2.3 3.6 4.5 4.0 3.6 3.0 1.6 5.0 1.8 6.4 
4.9 6.9 6.5 6.3 6.0 3.0 5.8 5.3 6.7 6.4 5.2 7.4 4.3 5.3 5.6 6.3 6.5 7.5 6.6 8.0 6.6 7.3 5.7 6.3 4.1 4.6 7.6 7.1 5.1 7.1 
7.4 6.7 6.4 6.6 9.0 8.5 6.0 7.1 6.3 6.4 5.7 6.2 6.9 8.6 6.5 6.9 7.2 5.8 7.0 6.7 8.9 7.2 5.7 6.2 5.7 9.2 5.2 9.0 4.9 6.3 
5.8 5.8 6.0 6.1 4.0 3.6 4.8 6.7 5.3 4.5 7.5 3.8 4.9 6.6 7.3 6.1 6.0 4.8 4.2 4.7 5.4 6.7 3.9 5.1 8.0 6.6 5.8 4.0 3.8 4.9 
1.9 4.0 5.1 1.3 5.1 3.7 5.2 2.1 3.6 4.7 1.7 5.2 2.1 4.2 4.6 4.1 2.8 4.6 5.3 6.0 1.5 5.3 2.9 4.0 3.0 4.1 3.1 2.0 3.7 4.0 
6.0 8.0 5.6 5.2 5.4 6.6 6.0 6.2 6.2 3.3 5.9 5.9 3.7 3.1 5.1 6.3 6.0 6.6 4.4 7.9 8.8 4.2 6.5 6.1 5.8 4.3 6.3 4.7 4.1 7.7 
9.4 6.1 9.9 6.6 8.2 8.0 9.1 8.4 7.4 7.0 7.5 7.7 8.2 8.2 6.6 9.0 8.1 6.3 6.1 8.3 8.3 7.2 7.9 6.8 6.5 6.0 9.3 7.9 5.2 8.9 
7.9 6.8 10.0 8.9 6.5 7.2 7.4 8.2 7.8 9.4 9.8 7.5 9.3 9.3 9.0 8.9 9.8 8.2 6.8 8.3 9.9 10.0 9.1 8.2 9.5 9.4 9.9 8.8 8.8 10.0 
3.5 4.8 3.6 5.0 2.6 5.4 0.0 1.6 4.2 4.8 6.1 4.5 0.1 3.5 5.3 2.2 3.2 3.0 4.0 4.3 6.3 4.7 3.7 3.5 1.5 1.7 4.3 3.6 2.6 7.2 
6.3 8.1 8.0 6.9 4.7 5.0 9.4 5.9 10.0 5.7 8.6 5.5 5.9 6.7 8.3 6.1 8.1 5.8 8.4 5.5 6.9 7.2 6.3 5.9 7.0 5.4 5.8 8.2 8.3 9.0 
3.7 7.0 7.7 1.6 6.9 6.4 7.1 2.3 6.3 8.1 5.5 5.7 7.4 2.6 7.9 7.6 3.9 4.3 8.1 4.0 5.9 6.1 7.8 6.1 2.9 5.6 5.2 6.1 4.1 2.9 
1.4 7.9 7.1 4.4 4.4 5.5 4.5 5.3 4.1 4.7 4.6 7.5 5.4 6.2 4.5 5.1 4.8 8.7 5.6 4.9 2.4 4.4 5.1 3.3 5.1 3.6 7.1 5.7 5.8 6.9 
7.5 8.5 7.3 7.3 6.0 7.5 6.0 6.0 7.5 6.9 7.5 5.9 8.3 6.6 10.0 8.2 7.2 8.9 7.8 8.8 8.0 8.9 6.5 7.6 7.2 6.1 10.0 8.8 8.4 6.6 
3.5 3.5 2.3 2.4 3.8 4.1 4.1 5.6 4.5 4.2 4.3 3.6 3.7 2.1 3.8 3.9 3.7 6.0 5.1 5.4 4.5 2.3 2.2 5.4 3.7 1.8 3.6 3.0 5.6 1.9 
2.8 4.0 3.4 2.8 4.0 2.9 4.2 1.6 2.9 3.6 2.3 3.2 2.8 2.7 3.5 1.6 5.7 3.5 1.6 6.4 5.4 5.9 4.7 2.8 5.8 4.2 1.5 2.5 4.9 3.8 
1.4 2.0 3.3 2.6 0.0 3.2 2.5 3.0 4.4 0.6 3.0 0.9 4.1 3.2 1.1 2.6 0.9 1.9 5.1 2.8 4.6 0.7 2.0 2.0 4.2 2.4 0.0 4.8 0.0 0.0 
9.6 5.7 8.9 6.8 9.6 8.4 10.0 6.6 8.9 10.0 8.6 10.0 8.6 9.7 8.3 6.8 8.4 10.0 8.2 8.0 10.0 9.1 9.2 8.8 8.5 7.7 8.3 10.0 10.0 10.0 
9.6 8.8 6.7 7.5 10.0 5.9 8.6 6.7 8.7 6.0 10.0 6.8 7.8 7.4 6.9 9.8 7.0 7.1 7.6 6.9 8.4 9.1 4.8 8.7 8.3 9.0 7.4 7.7 10.0 8.5 
3.9 5.7 5.8 5.2 2.9 7.1 7.4 5.9 3.8 6.6 3.2 3.9 3.9 7.4 7.5 6.8 5.3 5.4 3.9 5.8 5.2 6.4 3.3 6.0 6.0 7.3 6.7 5.6 5.7 6.2 
6.0 6.4 4.4 9.1 8.4 8.5 7.9 10.0 7.2 6.9 6.2 6.2 9.6 6.5 5.2 7.6 7.0 8.3 8.6 6.4 8.0 9.6 6.9 9.7 10.0 7.2 8.2 8.5 8.6 7.1 
8.0 8.4 6.7 6.4 6.0 9.2 5.5 5.6 7.4 7.0 8.6 7.4 7.1 7.6 7.3 9.7 5.9 7.8 7.5 7.3 8.9 8.2 5.6 5.3 8.8 6.3 9.6 8.0 7.3 6.5 
4.8 6.5 4.7 4.7 5.1 6.1 2.3 7.2 1.7 5.0 4.7 3.2 4.6 7.0 6.1 4.4 5.3 5.9 6.5 5.7 4.0 3.6 2.8 7.1 1.6 4.3 5.1 5.9 4.6 5.0 
6.6 5.0 7.9 8.4 4.9 4.2 6.7 5.2 5.7 4.9 5.2 7.3 5.8 5.5 5.2 7.9 5.6 4.3 5.8 4.9 8.2 5.1 3.4 6.9 6.0 5.6 3.8 4.5 6.0 6.5 
5.2 8.5 5.4 8.7 6.5 5.8 8.0 7.6 7.8 9.5 8.2 9.7 7.8 7.5 8.5 9.4 9.4 8.3 8.0 7.6 9.9 7.4 6.5 6.9 9.4 8.6 7.7 6.3 9.2 8.0 
1.9 4.9 5.1 5.4 3.2 2.7 0.3 5.3 3.4 4.9 1.2 3.2 5.7 0.9 3.6 3.1 2.8 2.1 3.5 3.1 5.2 5.2 2.5 0.4 3.8 6.9 1.5 3.3 4.2 4.8 
5.9 5.7 7.1 7.3 6.1 7.7 5.3 4.8 5.2 5.9 6.4 6.7 4.6 0.4 5.4 3.9 6.5 5.9 8.3 6.6 5.5 6.9 5.0 5.6 6.2 7.0 6.6 6.2 7.0 6.4 
5.8 8.1 7.3 6.8 7.2 5.5 5.4 3.1 3.1 7.2 7.3 2.7 6.2 5.9 5.7 3.9 4.9 5.2 4.6 5.6 6.5 4.6 6.0 4.8 6.8 5.7 7.5 5.6 6.4 6.6 
7.5 6.9 7.8 8.9 6.8 7.8 8.1 9.0 8.5 6.5 7.6 6.1 9.7 9.4 6.9 4.2 8.6 6.9 7.5 7.8 10.0 7.5 7.1 6.1 10.0 7.7 10.0 7.7 5.8 5.0 
6.9 7.0 6.2 5.0 7.1 7.6 6.4 4.1 6.4 6.5 6.8 4.9 8.0 6.3 7.1 6.4 6.2 4.9 8.1 4.6 5.4 5.7 4.3 4.0 6.6 6.4 5.0 6.0 4.8 7.3 
8.1 6.9 8.1 8.5 7.9 9.0 8.8 7.0 10.0 8.4 7.8 6.6 9.5 8.6 7.2 8.4 6.5 8.4 6.9 7.8 9.4 8.6 7.9 7.6 8.2 7.3 8.7 7.1 10.0 10.0 
5.2 7.2 5.7 3.9 3.8 7.7 6.2 5.4 8.3 7.5 6.3 3.9 3.2 8.5 3.2 6.9 4.6 3.3 4.3 7.2 4.8 7.3 6.0 6.1 6.4 7.3 6.3 8.6 6.0 7.8 
4.0 9.0 7.6 9.2 6.5 4.0 7.9 6.5 6.9 4.4 4.2 6.2 5.2 4.2 8.3 5.3 7.2 8.2 9.3 6.4 4.0 7.9 8.8 7.4 8.9 8.1 4.0 5.4 5.8 4.0 
10.0 8.6 4.3 5.5 9.1 6.7 5.6 4.5 6.0 3.5 5.5 6.3 7.4 3.9 6.8 4.2 6.1 7.1 6.1 6.7 9.5 6.1 5.6 10.0 9.1 6.5 6.7 7.8 8.9 7.4 
5.2 5.5 3.7 7.6 5.7 6.5 5.7 4.5 5.7 4.5 3.4 3.5 4.3 7.0 6.5 2.8 4.8 6.6 7.2 5.0 8.2 1.7 5.2 4.2 4.7 5.1 5.6 3.9 6.9 3.2 
5.0 5.6 3.5 4.3 2.9 6.7 5.6 6.4 6.6 5.7 5.4 4.2 4.5 2.5 5.2 1.4 7.7 3.3 5.7 4.3 2.0 1.2 5.5 5.2 6.4 1.4 4.5 5.6 6.4 4.3 
5.6 5.3 5.0 3.3 8.2 2.4 4.2 4.9 6.1 6.0 4.1 7.3 5.4 5.5 6.0 5.1 6.9 5.8 4.4 6.2 3.8 5.0 4.1 4.6 7.2 5.9 6.9 5.1 4.1 5.6 
8.7 8.9 7.2 4.4 7.9 8.9 9.3 4.6 7.9 7.5 8.3 7.8 7.9 5.6 7.3 8.1 8.7 7.7 6.2 6.8 6.2 8.4 6.0 6.6 8.4 7.0 6.0 9.1 4.7 7.0 
0.7 4.4 3.0 5.1 0.0 1.6 3.7 1.7 2.6 1.9 3.0 6.4 0.0 1.9 5.0 3.5 1.8 2.6 1.1 1.4 1.0 3.0 0.0 0.4 5.1 3.0 5.0 1.9 4.2 1.7 
3.5 2.8 2.8 3.8 4.9 2.6 4.3 4.6 3.8 2.9 2.3 3.9 4.5 2.6 4.4 3.9 6.4 5.0 5.2 3.1 4.0 2.6 3.7 0.6 5.8 2.0 4.2 4.7 4.6 3.4 
6.7 7.0 6.3 7.6 4.9 6.3 7.1 5.0 5.7 6.4 9.7 6.6 5.7 4.1 3.8 7.9 8.5 6.4 9.7 4.9 5.3 9.5 7.1 5.2 6.1 8.8 6.3 6.2 4.3 6.8 
5.4 3.9 6.2 2.2 8.4 5.2 5.1 6.7 7.2 5.3 3.5 5.6 7.3 5.3 5.6 4.2 4.2 5.4 5.2 8.9 5.0 6.4 6.5 5.3 5.2 3.8 6.2 8.2 3.7 5.4 
3.2 4.7 2.5 7.6 2.8 5.7 5.5 6.1 6.0 2.6 4.1 4.3 5.1 6.0 7.4 2.8 3.3 2.0 3.9 4.4 2.9 4.2 6.6 3.5 4.3 3.8 3.2 5.1 5.7 2.5 
6.5 3.4 4.1 5.3 6.7 4.2 5.6 4.1 5.8 7.0 4.8 5.5 5.3 6.8 2.5 8.8 3.7 5.0 6.8 3.8 5.5 6.7 5.4 6.0 4.5 4.7 3.0 6.6 5.1 3.1 
4.0 6.9 7.3 5.0 5.5 6.2 6.2 4.4 8.4 6.4 3.9 7.6 3.8 6.3 6.7 8.1 8.8 6.8 5.3 7.2 4.1 5.3 7.0 8.4 6.7 8.3 7.4 5.4 9.8 9.0 
1.3 3.3 2.0 3.4 2.0 2.7 1.3 4.5 3.7 4.2 1.7 5.5 2.3 3.2 3.3 3.5 1.3 4.9 2.4 7.2 1.4 1.9 2.4 1.3 0.2 6.4 1.3 3.0 6.2 3.0 
7.9 8.7 7.8 6.6 5.2 6.1 8.7 8.4 10.0 5.5 6.7 8.8 8.2 7.0 7.0 7.2 7.6 6.1 6.8 8.4 6.8 7.3 7.2 7.0 7.0 7.2 6.5 8.4 4.5 5.9 
6.6 6.7 8.8 6.7 8.6 5.2 9.5 5.3 4.3 7.5 5.0 5.7 3.8 5.2 8.9 7.3 6.3 3.1 4.1 4.4 5.3 6.2 6.2 6.6 6.6 4.8 9.2 5.9 3.4 6.2 
5.6 2.5 4.3 8.0 7.1 4.6 4.5 4.8 4.6 5.1 5.5 2.4 6.2 4.2 4.6 6.4 2.7 3.7 4.1 7.0 2.7 4.6 6.0 7.6 5.9 6.4 4.8 7.3 7.7 7.0 
4.5 6.3 5.5 6.5 7.2 8.9 9.2 7.3 6.3 7.1 7.3 7.4 5.1 7.7 7.9 4.6 4.1 3.2 4.3 6.3 8.1 3.8 6.5 5.9 8.9 5.2 5.5 4.7 5.6 7.1 
3.5 1.4 2.1 3.0 2.3 3.9 2.9 5.0 4.2 6.1 3.6 3.9 2.1 5.2 0.8 1.6 4.1 4.3 1.5 4.1 1.8 3.5 3.5 1.2 2.2 4.9 3.3 2.0 3.6 3.0 
4.3 4.4 5.1 6.3 7.1 4.2 5.6 4.3 5.8 6.1 4.1 5.9 3.3 4.9 3.8 4.7 6.5 5.0 7.6 4.1 6.5 6.9 6.3 3.9 5.3 3.7 7.5 6.5 4.7 5.4 
9.7 4.4 5.6 5.5 7.7 10.0 8.3 7.8 9.0 6.8 7.3 7.6 7.1 8.7 6.2 4.7 8.7 8.0 7.9 8.5 7.6 7.8 10.0 7.0 7.3 7.9 7.6 6.8 8.7 5.5 
6.2 5.0 7.7 8.0 6.2 6.6 5.8 6.8 6.8 6.0 6.6 6.6 6.6 6.7 8.6 3.2 8.3 8.6 7.3 9.1 10.0 5.4 5.9 5.0 9.2 9.3 9.3 8.8 6.1 6.4 
0.0 3.9 5.1 2.1 2.1 0.5 3.5 1.9 3.7 1.5 1.3 2.0 1.5 0.6 1.2 3.3 1.7 2.3 4.0 1.4 0.0 2.5 4.0 3.6 4.7 4.2 0.4 2.4 0.2 1.8 
6.4 7.5 6.3 8.7 5.8 5.8 7.0 8.6 5.8 7.4 7.7 4.5 5.8 8.4 7.9 7.6 7.9 7.0 5.1 9.0 7.9 9.5 7.5 6.2 9.3 6.5 6.3 5.3 7.5 3.8 
2.3 4.9 3.6 3.6 3.7 4.9 4.4 6.3 4.8 4.7 6.3 4.8 4.8 4.0 4.2 3.5 5.3 4.6 5.3 2.1 4.2 3.6 6.9 5.9 4.0 4.5 2.7 3.1 7.0 3.8 
6.9 8.2 7.3 8.4 5.3 5.7 5.3 7.3 7.6 6.1 7.4 5.5 10.0 9.1 7.1 8.6 6.9 7.4 7.6 8.9 8.5 5.5 8.1 6.4 9.4 7.1 8.9 6.5 7.1 8.1 
10.0 10.0 10.0 7.8 8.0 7.3 8.1 10.0 9.8 9.0 9.8 10.0 8.3 8.9 7.6 9.6 7.5 9.7 7.8 10.0 9.0 10.0 10.0 9.5 8.9 8.2 9.3 8.7 7.7 10.0 
0.0 3.3 3.1 3.0 1.6 2.0 0.0 1.5 1.3 2.6 0.4 2.9 2.6 4.1 2.0 1.8 3.0 1.5 2.1 3.3 1.1 0.0 3.0 5.6 5.3 0.7 2.5 2.7 4.9 0.6 
4.1 2.8 5.9 7.0 4.4 4.2 3.4 2.2 7.4 5.3 5.8 4.4 4.3 5.4 6.8 1.9 4.9 7.0 4.0 4.1 4.3 4.3 3.3 6.1 5.2 6.7 4.2 4.2 3.7 4.4 
5.3 2.7 7.0 7.7 4.9 5.3 6.7 7.4 4.8 3.8 4.1 3.6 6.7 3.9 5.7 4.1 6.3 4.7 3.7 4.1 4.4 7.3 4.5 6.8 6.2 6.9 3.8 5.8 5.6 5.6 
5.9 7.3 6.8 5.9 8.0 3.6 6.7 4.6 4.4 4.6 3.7 4.9 5.2 5.1 6.0 4.9 6.0 3.6 6.0 5.1 3.2 4.5 4.9 8.0 7.0 5.2 3.3 5.4 5.4 3.5 
5.7 5.7 6.9 4.9 7.4 4.0 6.7 3.0 5.1 5.3 6.5 7.1 7.4 3.6 7.1 5.9 5.2 4.2 6.0 6.3 7.7 6.1 5.9 7.6 4.0 7.6 1.9 5.9 7.2 5.2 
2.5 3.1 0.6 3.2 1.4 3.1 2.7 3.4 0.6 0.9 4.1 5.0 3.1 2.4 4.2 3.9 6.0 4.4 3.5 4.0 1.3 1.4 2.7 3.6 3.2 1.8 0.3 0.6 4.1 5.0 
2.9 2.8 2.9 1.8 3.7 0.8 2.3 1.6 5.1 1.3 1.8 0.0 3.5 3.3 0.0 3.0 2.4 4.3 5.1 0.0 1.6 2.7 1.8 5.2 0.4 0.9 1.9 0.5 2.4 5.2 
2.0 1.3 1.4 1.2 3.1 1.1 2.0 2.1 0.8 0.0 1.8 1.7 2.6 1.6 3.0 3.6 0.6 2.3 2.5 3.0 1.7 2.1 0.6 1.3 0.6 1.8 1.8 1.3 3.3 2.4 
9.0 9.2 9.4 8.4 6.7 9.9 10.0 9.4 7.8 8.4 9.3 8.6 9.7 9.2 6.2 6.5 6.9 9.2 8.9 8.5 7.7 9.3 9.8 10.0 8.5 8.3 8.6 7.5 8.6 10.0 
7.5 4.3 8.0 6.8 9.2 9.2 7.2 4.7 4.1 5.7 6.9 9.7 4.9 3.3 6.5 3.6 6.1 2.1 7.2 5.6 7.2 5.7 4.8 8.4 5.1 2.8 5.6 6.7 7.9 7.8 
5.5 6.1 3.3 7.1 5.3 3.0 2.4 2.5 7.8 7.8 6.0 7.0 5.7 5.4 4.4 4.4 3.3 4.7 3.4 4.6 5.4 5.6 3.3 7.5 4.1 6.1 6.9 6.3 6.2 7.5 
9.0 10.0 7.3 7.4 9.7 8.0 7.5 7.1 7.8 6.3 8.1 6.4 10.0 10.0 7.4 7.0 9.6 7.0 7.4 8.1 10.0 8.4 10.0 10.0 8.9 7.8 6.2 9.1 10.0 6.5 
4.8 5.6 7.0 3.8 6.5 4.6 5.2 3.1 2.0 7.4 2.7 5.9 5.2 3.6 4.5 8.0 5.6 4.0 6.5 3.9 4.1 4.6 6.5 5.5 4.9 6.8 4.9 5.0 5.3 4.7 
8.8 9.5 10.0 10.0 9.3 4.6 7.1 8.6 7.1 8.1 8.2 8.9 8.6 9.7 8.2 10.0 7.0 10.0 8.5 8.6 5.0 5.9 5.7 9.0 7.7 10.0 7.3 8.2 7.4 10.0 
4.5 6.1 3.8 0.8 1.8 2.7 3.2 3.4 4.9 4.1 4.7 0.0 1.6 2.1 1.8 2.4 1.5 3.5 0.5 3.5 2.5 1.9 5.0 5.6 1.9 1.1 3.4 1.6 3.6 5.2 
5.4 9.0 5.7 5.7 7.9 6.2 9.5 6.5 5.8 9.3 5.1 4.5 4.7 6.0 7.2 8.6 6.3 5.4 8.0 5.4 8.3 7.5 6.5 6.0 7.0 7.2 5.5 9.9 8.7 4.8 
2.3 1.0 4.6 0.0 5.0 3.4 2.9 1.1 2.6 7.5 6.5 5.4 5.0 1.0 1.6 6.4 1.5 5.0 2.4 6.2 3.1 6.5 4.8 3.8 5.2 2.1 4.5 5.3 3.0 2.6 
8.4 10.0 6.9 8.4 6.7 7.4 8.8 4.9 9.6 10.0 6.2 8.9 5.8 5.2 8.3 7.1 9.3 8.1 6.5 7.7 8.7 4.5 8.7 7.8 9.3 7.4 10.0 8.2 8.1 5.6 
9.7 9.4 9.7 8.4 9.8 5.8 8.8 10.0 10.0 10.0 7.7 10.0 8.5 9.6 10.0 9.7 9.4 10.0 7.3 9.7 10.0 10.0 8.8 10.0 10.0 10.0 9.8 8.4 10.0 10.0 
1.7 4.9 3.3 6.2 4.7 3.9 6.0 5.1 4.1 2.6 1.0 6.6 7.2 1.7 5.5 5.3 2.1 2.7 3.3 4.0 1.2 2.6 0.8 5.1 3.8 3.6 5.4 4.1 4.3 6.1 
8.8 10.0 8.4 9.9 7.7 9.9 6.5 7.1 9.6 8.3 9.8 8.4 9.0 7.1 10.0 9.1 8.6 10.0 8.5 10.0 9.2 8.7 8.0 9.4 6.1 8.6 7.5 10.0 8.8 10.0 
5.6 8.2 2.3 5.0 6.7 5.6 7.3 3.9 3.9 4.1 4.2 4.7 7.8 5.3 4.7 2.4 8.2 6.7 5.5 3.8 7.1 3.3 2.8 2.4 6.3 2.3 6.4 2.9 3.8 4.4 
4.1 0.0 1.1 0.6 3.0 0.1 2.1 0.8 2.5 1.5 2.4 2.2 1.2 2.8 2.3 1.1 4.4 1.5 2.1 0.0 1.6 3.3 2.9 1.1 4.0 1.0 2.5 0.0 2.4 2.9 
8.2 8.2 4.6 9.8 7.4 9.2 10.0 9.2 8.1 7.0 6.4 7.7 9.5 6.6 7.7 7.7 8.9 8.2 7.4 6.8 7.4 9.6 3.7 8.6 10.0 7.7 7.7 8.6 10.0 9.1 
4.9 5.3 3.7 4.3 1.4 4.1 6.3 4.6 6.0 5.0 4.2 5.3 4.3 2.9 2.3 4.9 4.8 2.5 6.8 3.4 3.5 4.5 3.6 2.9 4.5 3.8 4.7 6.5 4.0 6.4 
4.6 5.0 4.7 4.0 5.4 4.9 7.1 7.1 4.0 5.5 2.1 3.5 5.5 3.7 3.3 5.0 5.0 7.4 1.1 1.8 6.1 4.0 5.5 6.7 2.9 5.4 6.3 3.5 4.9 2.1 
3.4 4.7 5.6 6.4 6.9 3.8 7.3 4.5 4.2 5.7 3.3 5.1 7.6 5.5 4.1 5.8 7.2 3.9 4.2 6.8 3.8 5.2 6.4 6.0 4.2 7.3 6.0 4.6 6.1 4.8 
4.9 6.2 6.8 6.0 3.0 6.1 6.5 8.2 5.0 5.7 7.2 5.8 6.3 6.2 6.0 7.1 8.3 4.1 4.7 4.4 7.5 6.1 3.2 5.9 7.3 5.4 5.5 4.6 6.1 5.2 
2.5 4.5 3.3 1.4 5.5 2.3 0.5 1.9 0.7 2.8 2.6 0.9 4.3 1.2 0.9 4.0 3.4 4.1 3.6 2.1 3.0 3.7 5.4 5.9 2.4 2.0 1.8 2.7 2.0 2.1 
4.1 2.7 0.0 3.1 0.8 4.7 7.0 3.5 4.8 3.4 1.4 5.7 1.4 3.4 3.5 5.8 2.4 2.8 4.7 3.8 1.6 3.0 4.8 3.4 1.2 2.2 3.2 1.8 1.3 5.0 
4.2 4.2 4.9 4.3 5.4 6.4 4.8 6.0 7.0 8.1 4.7 3.0 6.0 5.2 7.8 5.7 4.8 6.8 4.8 5.5 3.9 4.7 5.1 3.5 4.4 5.9 3.4 7.5 5.8 4.4 
3.4 2.8 5.3 7.7 4.3 3.0 2.8 4.1 2.0 4.0 4.5 4.9 5.1 4.8 3.3 4.9 3.2 2.0 1.3 1.1 6.2 4.0 4.0 0.3 1.2 1.6 1.7 1.3 4.5 2.2 
5.5 3.3 5.3 6.4 3.9 3.1 3.7 5.5 5.8 4.9 5.5 5.2 3.7 2.8 2.9 4.1 3.6 4.1 3.2 5.8 2.4 2.1 0.0 2.2 3.6 3.5 4.4 6.1 3.6 6.0 
6.4 4.7 7.7 5.8 8.7 5.3 5.9 7.6 5.6 4.8 6.3 3.9 1.1 2.8 5.6 2.6 7.0 6.4 3.9 5.6 4.1 5.4 6.1 5.3 8.9 3.7 6.9 3.0 4.8 5.8 
10.0 10.0 9.5 7.7 9.4 10.0 7.9 9.5 6.6 9.3 10.0 8.3 6.9 6.6 8.5 8.3 7.4 6.8 7.9 10.0 6.3 8.9 7.0 6.2 8.9 8.0 9.6 9.4 9.4 9.3 
7.7 10.0 7.8 6.1 8.9 10.0 7.8 9.5 10.0 5.1 7.8 7.4 7.5 7.2 8.8 7.9 6.5 6.9 8.6 9.2 8.2 8.9 9.1 8.1 9.9 9.0 6.9 4.9 8.5 6.2 
4.6 2.8 2.4 4.4 3.2 3.3 3.8 5.9 2.2 0.7 1.8 0.1 3.9 5.0 4.1 4.1 2.2 2.1 3.9 3.1 3.3 2.6 3.3 1.2 0.2 2.0 4.4 1.5 2.3 2.6 
2.0 3.7 0.5 2.5 3.8 3.1 4.6 3.3 7.5 4.1 3.8 5.9 3.3 4.4 3.8 3.0 4.8 5.1 5.0 5.8 1.4 2.5 4.0 4.2 4.3 0.8 2.4 5.5 1.7 3.7 
5.0 5.9 3.4 2.3 5.0 4.6 5.8 7.4 4.9 4.6 5.1 4.9 6.4 5.2 7.0 4.1 3.4 2.2 5.1 4.3 3.5 3.1 5.9 5.9 4.4 7.8 7.2 6.7 1.3 5.7 
7.9 6.6 6.0 5.0 7.8 7.5 2.9 7.4 4.7 3.0 4.8 3.2 4.5 3.8 6.2 5.4 4.2 8.0 5.4 4.3 7.0 4.9 7.3 5.0 6.9 6.8 6.3 3.9 5.9 5.6 
9.7 9.0 7.6 8.0 6.6 9.6 5.9 6.0 7.1 5.6 8.4 5.7 6.1 8.3 9.6 5.1 7.2 4.3 7.2 7.3 6.7 6.8 8.6 9.3 8.0 6.3 8.2 6.5 6.6 8.6 
4.4 1.9 2.1 4.6 2.6 1.6 2.3 3.1 4.7 0.1 7.4 0.9 2.4 0.0 3.1 1.5 0.7 2.1 3.4 1.1 2.3 2.7 2.3 4.1 2.1 0.7 0.7 4.1 4.3 2.3 
3.3 2.6 2.2 5.7 2.4 6.2 1.9 4.2 2.2 2.3 1.9 6.4 1.8 3.4 1.5 1.4 6.7 5.2 2.8 1.4 5.1 7.2 3.1 3.2 3.1 5.5 4.0 2.7 4.1 2.3 
1.3 3.0 6.2 2.8 5.1 7.2 4.7 3.1 3.2 6.9 4.5 2.5 5.6 1.3 2.2 1.2 4.4 4.3 5.9 3.0 3.7 4.1 1.1 5.6 5.9 5.8 3.3 5.3 4.2 4.1 
3.9 3.7 7.9 2.6 7.8 6.5 7.6 4.6 5.6 8.6 5.5 4.5 6.3 4.4 7.5 6.2 4.3 7.1 4.5 6.3 9.9 6.2 3.7 6.5 6.8 5.7 8.0 5.9 5.2 8.5 
2.4 5.8 2.5 5.2 0.8 2.5 5.4 3.9 6.0 3.8 4.0 2.3 2.7 3.9 2.1 2.1 3.7 3.4 6.5 4.2 6.7 0.9 3.6 4.7 2.2 3.0 2.7 4.8 3.2 3.8 
2.8 2.8 0.5 2.1 2.5 0.9 3.0 4.5 2.2 2.1 3.1 3.2 1.5 4.1 3.4 0.9 2.7 1.9 0.0 4.0 3.5 3.5 1.5 3.0 2.5 2.6 2.5 1.9 4.0 2.3 
5.7 7.0 8.1 6.0 8.7 10.0 6.4 8.9 6.5 8.0 6.9 7.2 6.4 9.7 8.4 7.9 6.5 10.0 7.6 9.8 7.7 7.0 8.0 9.6 6.4 9.0 10.0 10.0 8.7 9.8 
6.1 6.1 3.6 3.6 5.3 5.7 8.0 8.3 8.3 3.8 3.3 7.1 7.0 5.5 7.8 4.6 6.3 4.4 6.0 9.5 6.4 8.2 7.1 8.3 7.0 7.0 7.7 3.6 4.8 5.9 
0.0 2.3 3.0 2.3 0.7 1.6 3.4 2.8 4.0 0.0 2.0 2.8 1.3 0.0 5.6 1.8 2.8 0.0 3.7 0.3 1.6 2.3 0.0 0.0 1.2 2.1 2.4 0.0 0.0 0.6 
5.9 2.7 6.5 1.5 2.0 0.9 3.0 3.6 3.8 4.3 5.0 5.3 3.3 2.7 4.9 4.0 3.2 4.0 2.8 2.7 3.0 3.1 6.4 3.4 0.9 2.8 4.0 3.2 3.7 6.8 
6.5 7.5 7.7 4.8 3.6 7.7 4.0 5.6 4.3 6.5 5.6 7.6 4.2 6.1 6.7 5.2 6.5 7.3 4.5 7.2 6.3 4.4 8.5 5.5 6.7 6.5 4.1 3.0 3.7 6.0 
4.7 6.6 7.1 7.9 7.3 8.7 9.5 7.3 7.7 7.1 8.1 8.7 8.5 7.2 8.5 9.6 7.3 7.5 5.9 7.7 5.7 8.5 6.9 8.7 3.0 7.1 10.0 8.5 4.7 7.8 
8.6 2.8 6.7 7.5 6.6 3.5 7.5 6.1 5.9 6.4 4.7 2.7 6.1 3.7 6.6 4.4 5.5 6.2 7.0 6.6 8.5 8.2 5.4 7.2 5.7 3.8 6.1 8.4 6.4 4.0 
3.6 2.6 2.1 5.0 4.0 6.1 1.6 3.4 0.0 1.7 2.4 2.0 1.8 2.9 4.6 2.8 0.9 0.7 1.7 0.1 6.0 1.1 4.1 3.8 3.4 1.2 3.3 0.0 2.7 3.2 
4.7 3.6 2.8 5.0 4.9 2.5 4.4 1.9 3.2 4.0 3.0 3.0 7.4 5.1 4.8 4.2 3.2 4.0 3.9 4.3 1.9 3.2 2.3 3.7 3.9 1.9 3.1 4.7 2.5 2.3 
8.2 8.8 7.7 8.2 10.0 9.9 8.8 8.7 10.0 7.1 7.7 8.9 9.8 8.0 4.7 7.1 5.6 10.0 7.4 7.1 7.0 8.1 7.8 8.2 10.0 9.0 9.5 7.2 9.7 8.0 
7.8 8.2 4.1 6.2 5.5 7.0 7.2 10.0 5.7 6.7 4.6 6.8 7.0 6.3 7.0 5.6 4.9 5.2 6.6 7.8 7.8 4.9 8.5 5.8 4.8 7.4 5.1 6.9 4.0 5.6 
6.0 5.5 6.5 5.9 6.8 3.1 7.0 6.7 5.1 6.5 7.5 6.0 6.3 3.5 6.8 3.6 8.2 5.8 5.6 8.4 6.1 3.9 6.2 6.9 7.0 4.7 4.0 4.5 8.7 7.4 
1.4 3.3 2.5 0.0 0.0 3.0 0.4 1.5 3.2 2.5 1.7 1.3 0.8 2.0 1.1 2.6 0.0 3.6 1.8 0.3 0.6 0.0 1.9 1.1 0.0 1.6 3.5 0.0 0.0 1.7 
8.2 6.6 5.7 4.0 6.9 6.5 6.3 7.2 6.7 7.3 6.3 8.6 4.0 7.2 5.4 6.4 7.7 5.2 5.2 6.8 6.4 6.8 6.8 5.9 4.4 6.9 6.8 8.9 7.1 8.4 
6.3 8.4 8.8 6.0 6.9 6.4 5.9 10.0 6.9 8.4 7.3 8.3 7.3 6.2 5.6 6.3 8.1 7.1 5.2 10.0 9.0 7.4 5.4 7.3 8.6 10.0 6.8 8.7 7.2 7.1 
2.3 3.2 0.0 2.0 0.5 0.4 3.2 0.0 2.1 3.4 0.4 0.0 4.2 0.0 1.4 1.5 0.0 1.9 2.7 1.3 3.3 1.7 3.7 3.0 0.8 0.8 0.9 1.7 1.5 0.0 
3.2 3.5 5.0 4.7 4.1 4.5 4.8 3.0 7.7 4.7 0.7 5.0 7.1 4.9 4.5 1.5 4.2 2.8 6.2 1.5 2.7 5.1 4.1 4.4 1.8 8.7 6.9 6.1 4.3 1.8 
4.1 4.7 5.1 3.5 5.4 1.5 6.0 5.0 3.3 4.4 4.7 6.4 7.0 4.5 4.3 1.2 3.0 2.4 2.7 5.0 2.6 1.4 6.0 4.9 4.3 2.7 3.8 3.2 3.4 3.2 
4.5 0.0 3.6 2.3 4.0 1.4 1.6 2.9 2.8 1.7 3.0 1.4 6.1 0.4 0.6 4.4 2.4 2.6 4.1 6.2 3.6 6.7 3.0 1.7 2.6 5.0 1.2 6.8 6.2 3.9 
10.0 7.5 9.3 9.8 9.6 8.3 5.2 7.3 9.8 9.5 8.9 6.2 9.6 8.2 9.0 7.2 10.0 7.9 7.4 9.5 8.9 10.0 8.3 5.5 4.3 6.7 7.2 8.5 8.7 4.9 
8.9 9.2 7.4 10.0 9.5 10.0 9.6 9.2 10.0 6.6 8.0 7.4 9.4 9.5 8.9 7.4 8.7 8.8 9.6 6.9 8.7 7.6 8.6 8.6 8.7 10.0 9.3 9.2 9.5 9.2 
6.1 5.4 3.4 6.8 3.7 4.7 7.0 4.5 7.1 3.3 5.0 6.1 5.5 3.6 4.1 6.8 4.0 6.9 5.4 0.8 8.1 6.4 6.9 7.1 6.8 4.8 3.9 5.5 4.9 5.5 
3.7 0.0 2.0 4.1 5.1 0.2 0.5 3.3 2.7 0.4 2.3 5.7 2.0 3.6 3.6 4.3 1.9 3.0 4.3 0.6 2.0 2.1 2.8 2.4 2.2 2.0 3.6 1.7 4.2 2.6 
1.9 0.4 2.0 3.5 0.0 1.9 1.7 5.5 1.7 0.0 2.7 2.7 1.6 1.9 0.0 1.2 0.2 0.6 0.0 1.9 2.2 2.5 1.5 0.5 3.8 1.3 0.0 3.6 0.8 0.0 
7.9 8.5 9.0 7.2 7.8 5.2 8.5 7.1 10.0 10.0 8.3 9.1 8.0 8.6 6.7 6.0 7.8 9.1 8.6 10.0 6.4 10.0 6.8 9.3 7.5 10.0 9.4 6.5 7.8 6.9 
5.6 9.0 6.8 6.9 9.8 5.8 8.8 4.2 5.7 7.8 7.6 8.9 9.1 7.7 7.7 10.0 5.8 8.1 6.8 8.7 9.2 6.2 9.4 7.3 9.7 8.6 8.3 9.8 8.5 7.0 
2.0 1.5 2.1 1.5 2.5 2.0 2.9 1.6 4.4 0.9 4.7 1.2 0.6 5.8 5.6 4.5 2.3 0.4 4.3 2.9 4.1 3.7 3.4 1.6 0.9 1.4 3.6 4.4 1.7 4.7 
6.5 7.7 7.9 8.2 8.7 9.3 4.5 9.2 8.7 7.7 8.3 8.5 7.9 7.4 9.1 8.8 10.0 9.0 6.7 6.2 6.6 10.0 8.0 7.7 8.8 8.4 10.0 8.8 7.7 8.0 
1.8 1.4 0.0 2.9 0.0 0.4 0.6 2.4 0.0 0.8 0.0 0.4 0.7 1.2 0.5 1.5 1.1 1.9 1.2 0.7 0.2 0.0 0.1 0.1 2.4 0.7 0.0 2.5 2.5 4.2 
0.6 1.0 5.5 1.6 2.8 2.6 7.6 3.2 2.9 3.3 3.5 1.1 1.5 6.7 1.2 5.5 4.6 3.8 5.0 5.8 2.0 4.5 3.3 3.8 5.8 0.0 2.7 4.2 1.7 3.5 
8.9 8.1 7.8 7.0 8.9 8.0 5.2 7.7 8.4 7.0 7.9 8.3 10.0 4.8 6.0 8.2 9.2 5.8 6.4 6.2 6.2 5.9 9.4 8.6 10.0 8.0 10.0 8.7 8.0 8.6 
7.7 7.8 5.9 7.2 6.2 6.8 6.4 5.8 8.4 5.9 7.1 6.1 6.5 6.5 5.9 6.8 7.5 8.0 5.6 6.3 5.2 5.3 8.5 3.7 7.6 8.5 8.2 8.2 5.9 9.3 
7.2 5.9 7.5 4.8 5.4 5.0 6.3 6.0 7.3 8.2 8.2 6.2 9.2 10.0 6.1 9.1 6.8 4.0 6.0 4.0 8.6 7.6 5.0 4.7 4.9 3.7 5.4 8.5 6.7 6.1 
5.3 10.0 6.2 4.0 7.0 7.5 5.9 7.2 7.8 6.8 3.0 3.9 8.8 5.5 6.6 8.4 6.9 6.1 7.5 6.6 8.3 7.0 7.5 6.4 8.0 8.1 8.0 8.6 6.9 6.9 
3.6 3.5 3.6 2.9 3.0 3.7 4.0 5.0 4.0 5.3 2.9 2.9 4.6 2.7 5.2 2.6 3.7 2.9 2.4 3.4 4.6 3.5 1.4 3.5 2.1 1.3 5.9 1.6 1.2 4.1 
3.2 6.0 2.9 1.2 4.9 2.7 3.9 7.4 0.8 1.7 2.1 4.9 1.8 5.3 3.9 2.8 5.7 2.7 3.8 4.3 3.9 1.9 4.7 5.7 3.8 4.7 1.7 4.1 5.2 4.9 
7.0 5.3 9.0 7.1 5.0 5.0 6.4 8.3 7.9 6.6 9.1 7.0 8.4 8.0 8.7 7.4 8.8 8.5 9.7 8.0 9.5 10.0 9.1 8.1 7.4 10.0 9.8 10.0 10.0 9.6 
6.3 5.0 4.9 4.6 6.8 4.0 5.2 4.9 7.0 6.4 5.4 3.3 2.9 4.9 4.7 5.1 3.5 5.4 5.2 3.7 3.5 7.1 7.4 2.9 6.8 5.4 7.0 3.6 5.5 3.4 
3.6 7.0 3.8 5.8 7.4 4.2 5.5 6.7 6.3 6.2 6.1 6.6 4.8 5.6 4.8 5.0 6.2 7.8 7.3 5.6 9.5 6.7 8.1 6.6 7.5 6.7 7.8 4.4 5.3 5.8 
4.0 4.5 6.6 5.2 4.0 4.9 6.2 4.1 6.0 4.1 4.6 4.5 4.7 6.2 7.1 6.6 0.3 5.7 3.3 4.9 5.2 5.9 4.0 4.8 8.3 6.4 6.2 3.3 5.4 6.8 
4.3 2.6 3.7 4.3 1.5 2.4 3.0 5.6 5.2 5.1 2.9 5.7 5.5 3.1 7.5 1.0 4.0 0.0 3.7 3.3 5.1 1.8 5.0 4.8 5.8 4.2 4.6 2.6 6.1 5.4 
6.6 7.5 6.1 7.8 6.6 7.1 7.2 4.6 9.0 8.8 6.4 7.2 8.5 5.0 2.6 9.6 7.0 7.0 8.7 4.2 5.3 6.3 4.6 5.7 7.6 6.5 7.8 10.0 5.9 7.2 
7.1 9.9 7.1 6.3 6.3 5.2 2.5 9.2 9.1 6.0 8.3 7.4 8.8 4.3 7.1 6.4 8.8 8.4 7.4 4.2 5.5 7.5 3.7 6.8 7.6 5.2 6.5 4.6 7.6 6.9 
3.3 5.0 8.1 5.3 10.0 9.1 5.1 7.6 8.0 9.2 6.9 6.2 8.7 5.5 6.6 6.7 6.8 5.9 5.5 9.8 4.9 7.3 8.5 5.4 8.1 8.3 8.3 8.8 7.2 7.8 
7.5 7.9 9.0 4.3 6.9 6.5 7.9 7.8 6.9 7.5 5.8 4.6 7.1 6.4 3.5 6.8 10.0 8.2 7.3 6.2 6.6 5.7 9.5 8.9 8.4 8.2 6.3 5.8 7.2 5.7 
8.2 5.9 8.9 5.8 5.9 7.4 4.8 6.9 3.5 9.9 4.4 3.4 5.1 3.6 7.3 7.5 6.0 7.9 2.3 4.5 3.8 8.2 4.5 5.7 3.8 5.3 3.5 2.8 4.8 6.5 
4.0 5.3 2.1 2.7 2.5 1.7 3.3 3.8 4.0 3.0 2.1 1.7 5.2 1.1 5.4 4.0 5.4 3.0 4.4 4.5 2.8 5.9 3.6 3.6 1.8 1.7 6.3 4.6 5.3 4.0 
5.6 4.5 6.4 7.3 5.9 7.2 5.7 4.1 5.9 7.0 4.0 4.5 3.1 4.4 5.7 5.8 4.8 5.8 4.0 7.6 3.4 6.0 4.2 7.2 4.5 5.2 6.7 4.4 7.5 4.7 
3.9 4.9 4.6 4.6 2.5 2.8 6.5 3.2 4.8 3.9 3.9 3.6 1.4 2.3 5.3 3.9 2.6 4.4 3.5 2.6 4.1 4.6 1.4 3.9 5.6 2.8 2.7 4.1 5.0 1.5 
7.3 9.4 7.1 8.5 8.1 10.0 5.7 8.3 4.1 6.6 9.1 8.9 4.4 9.8 8.9 5.5 9.2 8.2 6.4 6.5 7.5 9.1 8.4 8.6 9.2 6.8 8.4 6.3 7.9 8.6 
0.7 3.2 0.8 1.5 1.6 3.0 1.7 4.5 0.3 2.7 6.0 2.0 1.7 3.0 2.7 3.2 4.5 1.7 0.4 3.1 1.2 6.1 2.3 4.4 2.4 1.9 3.9 4.9 3.1 1.0 
5.0 6.7 3.5 4.1 4.8 4.0 6.0 4.6 5.9 4.0 4.9 5.2 5.5 5.2 7.3 5.1 4.1 6.9 4.0 4.0 5.4 3.8 6.6 5.4 5.1 5.9 4.6 4.2 4.6 5.0 
5.4 5.5 0.7 3.5 1.4 4.5 3.5 1.2 5.7 3.5 4.7 5.6 2.6 4.4 3.8 5.8 5.8 6.1 5.1 4.8 2.0 2.6 5.6 6.7 3.2 5.4 4.8 3.5 3.3 7.1 
6.7 8.1 7.6 5.9 2.9 6.5 5.0 5.1 5.3 6.5 4.2 7.9 6.2 5.7 4.6 0.3 6.0 6.4 7.4 6.5 6.2 7.6 4.5 5.6 5.5 4.8 6.1 6.1 7.0 6.5 
2.0 4.8 6.4 5.5 4.8 6.3 6.0 6.2 5.8 3.9 4.7 7.3 5.4 3.3 5.3 5.6 3.0 4.2 5.7 5.9 4.4 3.2 3.6 4.9 1.4 6.4 6.2 3.0 5.8 5.6 
2.4 0.0 1.4 0.0 2.4 1.2 1.3 0.0 1.8 1.0 1.4 0.0 2.0 0.6 1.0 0.6 2.6 0.0 0.0 0.0 3.4 3.7 0.8 1.5 0.0 1.2 0.0 2.0 0.0 2.5 
3.5 8.0 4.6 6.7 5.2 8.8 5.1 5.6 5.6 5.2 7.2 5.5 4.9 4.7 5.4 8.0 8.3 3.9 6.3 6.8 3.9 4.2 7.3 3.7 3.3 7.3 6.9 5.9 3.6 4.5 
2.0 3.5 2.6 5.2 4.1 6.4 6.4 2.2 2.5 3.3 4.4 3.9 6.4 5.2 3.3 7.8 0.3 4.4 3.9 1.6 2.4 5.3 6.8 6.0 3.0 5.5 4.5 3.2 1.5 1.5 
8.2 10.0 9.9 10.0 10.0 10.0 10.0 10.0 9.2 8.4 10.0 10.0 9.2 10.0 9.0 9.8 10.0 10.0 7.7 10.0 10.0 10.0 10.0 10.0 10.0 8.4 10.0 9.3 10.0 10.0 
7.6 7.6 6.5 7.2 5.0 7.2 8.9 6.5 7.0 6.4 7.9 5.3 6.7 3.1 5.2 7.0 9.3 7.7 8.6 9.2 7.1 4.6 6.9 4.4 7.3 3.2 9.0 5.6 2.3 7.1 
4.7 3.0 3.5 0.4 2.5 2.5 0.8 3.4 1.1 2.1 2.3 3.0 2.0 1.3 3.4 0.0 3.9 4.6 4.1 1.3 6.7 2.0 3.4 2.7 0.0 4.2 2.9 0.3 2.8 2.3 
3.0 4.0 2.3 6.5 2.2 5.2 3.4 5.4 3.2 1.8 7.0 3.9 1.8 5.2 5.0 3.8 4.3 4.6 1.6 3.5 7.2 2.4 5.6 4.4 5.1 3.8 2.4 5.9 4.6 4.9 
1.0 3.1 2.6 3.9 2.1 3.1 0.6 1.3 0.7 0.5 0.0 4.9 2.8 2.6 4.5 2.3 2.1 2.8 2.7 2.6 2.9 1.3 5.9 0.0 2.2 0.6 4.0 1.4 1.3 0.2 
9.0 8.0 8.6 7.9 9.1 10.0 8.6 9.1 8.2 8.7 6.2 6.2 8.1 9.5 8.9 9.5 7.5 5.7 7.5 6.9 10.0 9.5 7.1 6.3 5.9 8.3 8.6 9.0 10.0 9.6 
2.2 0.6 7.2 5.7 7.9 3.8 4.9 2.7 6.3 5.0 5.5 4.3 4.7 4.7 4.1 2.9 5.2 4.0 2.6 6.5 3.5 5.3 5.3 5.7 4.6 5.3 6.7 6.2 7.5 6.0 
7.2 2.5 5.9 4.3 4.8 6.5 7.3 5.3 3.6 6.0 9.3 5.4 7.5 4.4 4.9 4.6 6.6 4.7 6.0 3.4 6.2 6.9 5.5 2.9 4.1 4.1 4.0 4.9 6.1 3.1 
7.7 4.9 6.9 4.7 10.0 6.8 4.3 6.2 7.4 4.4 6.8 3.6 7.1 7.6 7.5 4.8 6.2 8.0 5.4 4.7 5.6 6.4 7.0 6.5 6.5 6.0 6.6 7.7 8.7 8.2 
5.5 0.7 1.6 4.2 0.5 4.0 5.7 4.3 6.5 6.5 5.0 1.5 6.6 2.6 3.8 1.8 4.1 3.9 4.1 2.1 4.9 3.7 3.5 5.9 2.4 4.5 2.0 4.6 2.5 1.2 
2.2 2.9 1.6 1.5 2.6 0.8 2.3 3.8 4.4 2.8 0.0 3.9 1.8 1.3 2.3 4.3 2.5 1.4 3.0 1.4 3.4 2.7 2.4 5.3 6.3 4.8 2.5 3.4 0.0 2.7 
0.0 0.0 0.0 0.0 0.0 1.1 0.0 0.0 0.0 0.0 0.0 0.0 0.0 0.0 0.0 0.0 0.8 0.0 0.0 0.0 0.0 0.0 0.2 0.0 1.2 1.0 0.0 0.0 0.8 0.0 
7.9 7.3 4.1 6.9 5.8 4.2 5.2 6.3 3.2 4.9 4.9 4.6 3.1 6.0 6.4 8.0 3.0 5.6 6.2 4.9 5.1 7.7 4.3 6.0 5.5 5.1 7.4 5.7 4.1 6.6 
6.0 5.7 2.8 4.8 3.2 2.2 3.9 6.3 2.0 4.6 3.0 5.9 8.1 4.8 2.2 4.6 3.5 5.4 6.8 5.3 3.3 5.4 0.6 2.9 4.4 5.1 1.3 4.3 3.4 3.7 
6.9 3.8 3.8 6.1 3.7 7.0 4.5 3.6 2.8 3.9 2.8 6.1 6.0 5.4 7.1 5.3 3.5 3.6 7.8 7.1 4.8 5.5 7.8 5.2 6.3 5.7 5.5 4.8 3.7 7.5 
10.0 10.0 9.3 8.8 7.5 7.8 8.9 6.3 8.5 9.4 10.0 9.0 9.8 9.8 8.9 8.4 9.2 10.0 10.0 8.7 7.1 10.0 8.5 10.0 8.3 8.7 10.0 10.0 8.1 10.0 
4.6 5.0 3.3 3.2 3.1 0.2 3.1 4.9 0.6 2.3 2.3 2.3 2.0 3.8 1.6 3.4 3.2 2.8 0.8 3.0 4.4 2.1 6.0 3.9 4.2 4.2 3.9 2.9 5.8 3.0 
4.2 7.7 4.1 5.5 8.1 7.8 7.5 9.6 7.4 6.1 7.3 7.6 5.9 5.5 5.7 5.8 6.1 6.1 7.6 9.9 7.5 4.6 7.1 6.0 9.0 5.8 6.1 6.8 5.8 5.9 
9.0 6.7 7.7 3.1 6.3 4.6 6.3 6.1 5.6 5.4 5.3 5.6 5.0 6.5 6.9 4.8 5.3 3.2 7.5 5.0 6.1 5.3 7.2 6.0 3.1 5.5 5.7 4.2 8.0 5.4 
2.1 1.6 1.4 0.4 1.6 1.6 1.6 0.0 1.1 2.4 0.1 2.0 0.7 2.8 3.8 3.0 6.9 3.7 3.3 4.0 1.0 0.3 4.2 6.9 3.2 4.0 3.5 5.2 2.6 2.0 
7.9 8.8 8.3 9.6 9.1 8.6 10.0 7.1 9.3 8.7 9.2 8.7 8.0 8.2 7.9 10.0 8.6 6.8 9.8 9.3 5.5 8.3 9.6 6.3 8.4 8.7 7.4 6.0 8.8 10.0 
3.1 4.5 3.2 3.6 4.5 6.1 5.7 6.9 6.5 4.3 5.2 4.4 5.4 5.1 3.4 6.6 5.4 5.7 4.3 8.6 7.2 4.6 6.3 7.9 6.3 3.7 5.5 6.6 4.5 5.0 
0.8 1.4 1.5 0.0 0.5 0.0 1.4 0.9 2.3 1.7 0.5 0.8 1.3 2.3 1.4 0.6 0.0 1.4 0.6 1.4 1.5 0.9 0.0 0.0 1.5 2.3 0.0 0.8 0.0 2.6 
5.1 7.0 4.6 4.5 5.4 4.2 2.5 3.7 3.1 5.8 7.4 4.8 1.7 6.6 3.6 5.6 9.0 3.5 5.8 2.1 6.7 6.2 5.4 4.1 5.6 2.9 4.1 4.2 3.7 5.0 
7.8 8.6 5.3 3.4 6.0 6.2 5.7 7.8 4.0 6.0 4.6 5.1 4.1 4.3 3.6 6.7 5.8 7.5 5.2 4.3 6.6 4.9 5.2 6.1 2.1 6.4 3.1 7.1 4.5 6.1 
3.5 2.6 3.4 2.1 2.6 6.3 2.6 4.7 3.6 3.5 2.8 1.7 2.2 1.7 3.3 3.1 3.5 3.9 4.1 4.7 2.5 3.2 3.3 1.8 1.7 1.9 3.0 1.8 3.1 2.8 
8.1 4.2 5.8 3.9 6.6 6.8 5.5 4.1 5.2 5.0 4.7 6.5 3.4 6.5 4.0 4.7 3.5 3.4 3.1 3.4 4.9 5.4 4.6 5.1 6.9 4.8 4.2 5.5 4.3 3.2 
4.5 4.0 4.0 5.5 5.6 3.4 4.3 6.3 2.9 4.0 4.0 4.2 2.7 2.2 3.2 5.4 5.0 3.5 4.7 4.0 2.0 3.2 4.1 4.9 3.3 6.1 7.0 4.6 3.2 4.7 
2.4 1.3 5.9 3.9 4.0 3.7 5.9 3.8 2.0 5.4 3.5 3.8 3.2 5.7 3.9 4.4 4.3 2.6 4.2 5.1 4.9 4.5 2.8 1.2 4.8 1.9 4.6 3.9 5.6 2.5 
5.0 7.9 8.0 8.5 3.9 4.1 5.1 5.1 5.2 4.3 7.9 8.2 7.5 5.3 6.3 4.3 6.2 4.8 8.2 6.3 6.9 7.7 5.1 7.9 2.3 3.8 7.7 8.0 5.4 7.4 
6.8 7.6 4.9 5.2 4.1 7.2 5.9 5.1 3.7 7.3 6.0 5.3 7.6 5.8 7.2 4.9 5.8 6.2 3.0 4.1 4.7 4.2 6.8 5.4 7.9 3.1 8.3 5.5 3.8 4.9 
6.7 5.2 4.0 3.0 5.1 5.9 3.2 1.5 3.2 4.7 4.9 5.3 2.9 2.8 7.4 0.7 4.1 1.2 2.1 2.1 4.8 2.5 3.4 5.4 2.7 2.6 1.1 5.0 4.4 6.2 
7.3 5.6 5.4 4.7 6.0 5.4 5.4 2.8 4.9 8.3 3.6 5.1 5.1 3.8 6.6 4.7 2.8 6.0 4.3 4.1 5.6 5.8 2.6 4.0 3.8 4.3 5.2 6.3 3.0 6.8 
4.6 8.0 6.1 6.5 3.0 4.8 5.3 7.4 6.0 4.3 4.6 6.0 4.6 6.7 5.3 6.5 3.7 5.7 2.9 5.0 6.5 6.0 5.7 6.5 3.2 4.8 4.0 6.9 4.7 5.9 
8.2 6.3 9.2 8.2 7.8 8.3 8.0 5.9 10.0 8.8 10.0 8.3 6.7 9.4 9.0 8.8 8.7 10.0 7.4 7.4 10.0 8.5 9.2 8.8 10.0 10.0 9.1 10.0 4.9 8.6 
7.7 8.5 8.1 4.6 3.5 5.7 5.5 7.5 7.4 7.8 8.7 8.2 6.2 7.4 5.9 8.4 8.6 5.1 6.4 8.2 4.9 7.4 7.3 4.5 5.3 8.4 7.1 5.1 8.1 8.7 
7.0 2.5 5.6 4.2 5.7 5.7 5.8 5.5 6.3 6.9 6.0 5.8 5.9 4.9 2.4 6.4 4.5 4.3 3.5 6.0 2.3 5.5 6.7 5.3 4.9 4.4 5.7 7.3 6.9 2.6 
6.6 4.2 6.8 7.3 6.7 7.8 5.6 7.6 5.8 6.6 8.2 6.1 3.4 6.2 6.3 5.3 7.2 5.3 8.0 6.1 3.7 7.3 7.4 6.2 4.2 5.6 5.9 6.2 6.5 8.1 
1.5 4.4 3.5 2.7 3.3 3.3 1.5 2.7 2.7 1.5 2.1 5.3 4.5 4.4 2.9 2.0 2.7 2.7 0.4 0.0 2.6 1.6 4.3 4.7 2.9 4.5 2.5 4.8 4.1 5.7 
5.4 2.5 3.4 2.8 6.1 1.7 2.0 1.1 2.6 4.0 1.5 3.2 3.5 3.6 1.0 2.4 3.8 3.7 2.1 3.4 0.3 3.1 5.0 1.1 4.5 4.0 2.5 5.3 4.4 0.7 
8.5 7.5 6.9 7.2 8.0 7.2 5.3 8.3 9.0 5.9 6.7 4.2 7.7 7.8 6.9 7.3 7.2 6.8 9.3 4.3 6.9 9.4 5.8 9.3 6.5 9.1 7.0 3.9 5.9 5.7 
2.9 5.3 8.4 7.2 8.3 6.5 8.1 5.8 7.6 6.2 7.5 9.5 4.9 7.3 8.9 7.1 8.6 8.1 5.7 6.0 10.0 7.3 10.0 7.0 5.1 6.2 10.0 7.5 7.2 9.8 
3.3 3.5 5.5 4.6 5.7 3.5 4.5 4.0 4.9 6.6 3.2 7.3 3.7 2.6 4.4 3.8 5.8 3.8 4.2 4.7 2.4 2.4 4.9 3.2 2.5 6.9 6.1 5.8 4.3 3.6 
0.0 2.0 2.1 0.0 0.0 0.3 1.1 1.6 2.0 3.3 0.0 1.6 2.0 1.5 3.8 1.1 0.5 0.6 0.0 0.0 1.8 1.4 0.5 0.9 0.4 0.2 0.4 1.1 0.3 3.2 
4.9 4.6 6.9 8.0 3.7 5.6 5.2 3.7 5.0 4.2 2.9 4.9 4.7 6.8 6.8 5.5 5.6 7.7 4.5 2.5 3.2 3.2 6.5 5.9 4.2 3.2 7.2 6.1 4.0 5.9 
6.6 3.0 6.1 3.7 2.9 5.6 5.3 3.2 6.6 3.1 4.8 3.9 3.9 3.7 3.7 6.6 6.9 5.6 4.3 4.3 8.0 6.0 2.2 7.1 6.7 4.3 8.2 7.9 5.0 6.1 
6.2 1.5 7.3 6.4 6.3 5.7 6.5 3.6 8.3 9.4 5.3 7.7 5.5 6.4 3.2 6.3 2.4 3.7 3.7 6.6 6.6 4.1 7.0 7.0 6.0 7.3 5.7 5.6 6.8 8.2 
0.7 0.5 1.0 1.5 0.7 0.0 1.5 3.0 2.9 1.9 0.0 1.4 1.2 1.8 1.0 1.1 0.0 2.4 0.5 0.2 3.0 2.1 0.0 0.6 3.9 2.5 2.7 2.9 1.3 5.1 
3.8 3.7 5.3 4.7 4.0 1.9 5.6 4.2 2.6 4.6 5.8 5.0 4.9 4.2 6.9 3.6 3.8 5.5 7.4 4.7 5.8 2.5 2.9 5.7 4.6 5.6 3.4 4.6 5.7 7.0 
7.4 6.3 9.7 9.3 5.8 9.8 9.7 7.8 8.1 8.8 7.9 9.1 9.5 8.8 7.1 7.9 7.2 10.0 3.7 8.4 9.3 7.2 8.3 7.8 7.3 8.1 6.0 10.0 7.8 10.0 
3.2 2.8 4.1 3.9 3.5 1.8 4.2 5.6 3.8 3.3 2.0 4.5 3.3 2.7 4.3 7.0 2.8 2.7 2.8 3.2 5.4 2.6 2.5 2.5 1.9 2.4 2.4 3.3 2.2 4.0 
6.2 4.6 7.0 5.6 6.5 6.0 7.6 3.1 8.4 6.2 3.1 7.0 5.2 6.3 5.4 6.0 3.6 5.3 4.0 6.8 4.3 2.9 7.3 8.8 7.4 6.0 9.7 5.8 7.4 7.2 
9.8 9.5 9.2 8.4 10.0 9.1 9.1 8.6 9.8 10.0 6.3 10.0 9.5 8.8 10.0 9.1 9.7 7.5 7.7 10.0 8.3 9.9 10.0 6.5 8.4 9.4 10.0 10.0 9.7 7.4 
6.9 6.6 5.1 6.3 5.4 6.8 4.6 6.1 6.0 5.4 6.1 7.7 8.4 6.8 6.8 6.2 8.7 6.0 5.7 5.2 8.3 6.6 6.3 6.0 7.0 4.4 7.2 4.2 8.4 8.2 
8.2 8.3 6.2 7.2 7.5 7.3 9.4 6.7 6.0 10.0 4.2 7.4 7.5 7.4 8.5 8.3 6.1 8.1 7.8 7.3 10.0 10.0 8.1 9.4 8.0 9.0 6.0 5.8 5.3 7.8 
4.0 4.7 3.0 2.4 2.4 2.4 4.7 1.6 0.3 3.5 3.2 4.7 2.9 1.2 0.6 5.6 6.0 1.5 3.2 1.2 4.1 0.7 0.6 3.1 4.5 1.0 0.8 1.2 4.8 1.7 
2.1 4.5 0.9 0.2 2.5 5.4 5.2 3.3 2.2 5.1 5.6 1.6 3.2 0.5 2.2 4.8 1.7 1.8 3.5 3.4 3.4 2.5 1.8 5.4 4.2 0.6 2.1 4.9 5.5 0.7 
2.9 6.6 1.4 1.5 6.6 2.4 2.0 3.0 2.4 5.4 5.9 5.5 2.6 1.8 5.7 3.6 3.7 2.9 1.3 1.5 0.3 4.4 4.3 2.6 3.9 5.2 2.4 6.6 2.4 6.3 
7.2 7.5 5.5 3.5 6.0 6.7 4.5 3.8 5.4 8.5 3.4 8.1 5.1 4.1 7.6 7.3 3.9 3.8 4.7 6.0 5.2 6.5 4.0 4.3 3.8 5.4 7.3 6.9 6.6 5.9 
6.3 7.4 8.7 8.7 8.4 7.4 5.9 9.0 10.0 7.0 6.4 7.4 9.6 8.3 9.4 7.9 6.6 9.6 8.7 9.4 7.2 9.4 7.5 8.2 8.7 7.6 7.6 10.0 7.7 10.0 
6.6 7.6 7.2 5.6 4.5 4.3 5.7 4.8 6.3 3.1 6.2 3.0 4.2 3.7 4.2 4.9 5.4 4.2 6.7 3.6 6.0 5.2 6.3 3.0 3.6 5.8 6.7 6.2 5.9 6.7 
2.3 2.1 2.7 2.0 5.1 4.9 3.6 5.0 5.4 4.1 3.3 5.2 6.3 3.7 4.8 3.1 4.5 2.3 4.1 2.3 4.1 4.7 7.3 2.4 2.5 3.5 4.4 1.0 4.7 4.5 
2.9 3.6 3.9 3.2 3.1 4.3 0.3 6.3 2.3 5.5 2.5 3.6 4.3 2.5 6.3 3.5 0.5 2.0 6.5 4.7 5.1 2.5 4.0 6.8 1.9 2.3 3.1 3.7 3.1 3.9 
2.3 5.5 4.5 6.3 5.6 7.1 3.5 1.6 4.5 5.6 1.9 7.1 7.8 5.5 6.0 5.6 3.8 7.3 3.9 6.8 5.4 4.3 6.1 3.3 6.1 5.2 7.1 5.7 4.0 2.3 
2.1 1.5 0.3 2.2 0.7 5.2 1.2 0.0 2.0 1.5 1.4 0.7 0.0 1.7 4.1 2.4 1.5 0.3 0.7 1.6 1.4 1.2 0.9 2.1 3.9 5.5 5.2 0.8 0.2 1.7 
1.6 2.1 3.2 1.9 1.8 3.8 1.4 2.5 1.8 5.0 2.5 4.9 0.6 1.5 0.4 1.0 2.2 2.4 2.7 3.5 2.1 1.5 4.0 2.2 3.8 0.5 2.0 1.9 0.0 0.9 
4.0 5.3 3.4 5.8 8.8 7.4 6.1 7.1 7.0 6.3 6.7 6.9 6.3 5.2 7.0 4.4 6.8 3.6 6.6 8.5 5.7 4.9 5.1 7.3 4.5 3.8 5.9 6.7 7.5 3.4 
8.3 7.4 4.2 6.3 5.0 5.2 6.0 5.6 7.9 8.7 7.8 9.4 6.6 7.7 6.4 7.4 7.3 5.8 4.9 6.8 7.2 9.4 7.2 6.2 6.7 6.5 4.7 5.7 7.3 7.3 
5.8 8.3 9.6 5.0 5.9 6.0 5.7 8.1 7.4 6.3 6.1 6.0 5.2 6.6 6.9 8.1 5.9 4.4 7.9 6.2 8.4 7.2 8.4 8.9 8.4 6.2 7.9 8.0 10.0 5.6 
8.2 9.1 9.6 9.9 8.4 9.1 7.2 9.1 7.7 8.2 8.6 10.0 6.8 5.0 10.0 9.1 9.7 10.0 7.1 9.9 9.2 8.6 9.1 7.0 8.0 5.7 10.0 7.7 6.1 8.6 
6.4 5.0 7.4 2.9 5.6 5.3 4.1 2.8 5.5 4.4 5.8 5.9 5.2 3.7 4.5 4.3 4.3 6.0 6.3 4.7 6.9 6.0 6.3 6.3 7.3 3.3 5.8 6.7 6.8 4.6 
4.3 4.7 3.6 4.3 4.8 5.8 4.9 2.4 2.5 8.3 3.3 4.1 5.5 6.1 5.7 8.6 6.2 4.5 3.7 3.8 3.1 4.8 2.1 5.0 1.6 7.2 4.7 4.3 5.4 4.4 
4.9 5.1 4.3 3.1 3.2 5.4 4.8 3.5 5.3 2.9 1.7 6.2 3.3 5.0 4.4 6.4 2.6 2.1 5.8 3.5 7.4 2.6 1.1 4.9 3.5 1.9 3.8 3.4 3.6 6.3 
6.6 7.4 5.4 6.1 4.6 7.5 6.7 5.3 5.7 6.0 6.8 8.7 5.0 5.1 5.2 4.4 7.4 7.2 6.8 4.6 7.4 6.5 5.9 6.2 7.2 5.4 6.3 8.3 6.1 8.5 
8.8 6.4 3.9 7.1 8.3 5.5 5.3 7.7 4.8 6.9 6.0 7.0 6.1 9.1 5.5 7.1 8.5 6.0 7.2 8.0 6.9 8.3 6.3 5.7 8.1 8.7 10.0 6.4 6.1 5.8 
3.6 6.3 5.7 6.5 3.0 2.7 7.0 7.0 7.0 4.8 5.7 3.9 2.6 6.1 4.8 8.4 5.8 7.9 6.1 6.4 5.3 5.6 7.2 6.8 4.8 5.5 7.0 7.9 8.1 6.5 
1.4 3.4 6.8 6.1 5.1 4.7 3.3 3.4 3.8 4.2 3.2 5.0 5.4 1.4 2.2 3.1 1.5 4.0 5.6 3.4 3.0 5.3 6.3 5.0 6.3 3.2 4.1 2.9 4.5 1.4 
5.2 7.6 4.2 7.0 6.1 6.7 6.3 6.6 5.1 5.0 7.2 8.3 4.9 8.4 7.3 3.3 3.5 6.8 4.4 6.6 7.2 4.2 5.5 3.5 4.1 6.6 6.8 6.1 5.2 5.5 
5.9 3.5 7.3 2.7 5.3 4.2 3.5 3.3 5.2 3.3 3.7 3.6 7.0 4.7 6.0 3.8 4.4 3.6 2.5 7.4 6.5 7.3 4.5 4.0 6.2 4.5 9.8 6.1 4.3 3.5 
4.7 4.7 1.4 2.4 7.0 4.7 3.1 4.7 2.6 5.6 4.6 7.7 3.3 0.0 2.4 4.4 3.5 3.1 0.8 4.0 2.1 5.8 6.4 1.2 1.8 5.3 6.0 1.6 1.6 1.5 
1.6 3.4 2.2 3.6 2.7 2.3 4.5 3.7 4.8 4.7 5.2 1.4 4.1 2.9 5.3 4.6 4.9 5.5 4.6 5.9 3.6 4.8 3.5 5.4 5.8 2.7 4.3 3.6 5.6 1.9 
7.3 1.4 5.6 3.5 2.0 3.2 6.0 3.0 4.7 2.9 6.2 3.0 0.9 4.5 3.5 6.4 3.2 4.4 4.5 5.1 4.7 1.5 4.2 3.5 2.5 3.7 3.2 4.9 3.9 5.0 
8.6 10.0 4.6 10.0 7.0 10.0 7.0 10.0 9.2 7.2 7.9 8.6 8.1 9.2 8.0 10.0 7.3 6.3 7.9 8.7 8.1 9.6 6.6 10.0 6.0 10.0 6.9 9.6 8.4 9.3 
0.7 5.2 1.7 2.3 1.9 1.7 5.3 2.5 2.0 0.5 1.6 6.9 1.1 2.2 0.0 2.8 4.4 2.7 0.8 0.0 2.6 3.2 3.0 0.4 3.7 3.8 2.1 2.8 4.1 4.4 
4.8 4.4 3.9 3.5 2.3 3.1 6.0 2.6 2.8 0.0 2.1 2.2 3.5 1.6 3.3 3.8 5.2 3.6 2.2 2.8 8.1 3.9 0.1 2.3 4.8 4.2 1.9 3.0 3.6 2.6 
7.9 6.7 8.2 6.5 7.3 8.3 5.2 6.7 6.2 5.2 6.7 6.7 6.4 6.8 8.1 6.0 4.7 6.5 4.8 7.8 6.9 6.1 7.3 7.8 3.5 6.9 8.3 6.1 5.8 4.9 
5.5 3.7 2.3 3.5 3.8 5.4 2.9 2.6 5.2 3.8 5.9 5.6 1.1 4.9 5.4 0.6 3.0 4.1 4.6 4.1 2.6 0.8 4.2 4.7 3.1 4.1 2.6 0.0 3.0 0.9 

12 24 11 2 17 19 3 0 7 14 22 16 13 
10 1 6 0 10 3 28 26 9 8 21 
11 28 16 14 3 21 4 25 7 10 15 19 
13 28 10 0 18 19 7 20 15 8 22 26 17 4 
13 3 10 0 2 6 20 9 13 21 22 17 11 7 
6 21 0 15 23 10 25 
11 24 3 15 9 14 18 11 19 2 6 7 
10 24 3 15 6 2 17 11 13 19 5 
10 8 14 22 27 28 2 18 5 16 13 
12 9 6 0 25 8 2 28 4 22 19 11 16 
7 22 0 9 11 25 5 6 
8 7 0 4 21 24 13 14 3 
11 15 17 0 23 16 3 18 12 21 4 14 
10 18 17 22 3 15 28 11 10 21 8 
11 20 2 3 12 7 13 9 18 5 14 15 
9 3 1 12 6 5 26 0 19 25 
12 6 14 9 11 20 22 15 4 19 3 27 5 
13 6 23 24 10 27 16 19 25 11 0 21 18 12 
12 11 23 8 10 17 7 19 20 27 4 24 14 
8 14 0 4 16 11 27 12 15 
8 11 5 4 22 23 21 15 20 
9 13 3 2 20 14 6 24 17 12 
9 1 16 19 7 5 11 12 17 24 
9 22 6 12 20 17 3 25 2 16 
9 11 15 12 23 20 8 22 14 28 
12 2 3 5 23 25 9 24 6 22 4 8 26 
7 1 22 28 2 9 13 0 
9 28 9 1 21 20 15 4 10 12 
12 7 15 23 25 4 10 24 11 16 9 28 8 
10 6 0 11 13 14 25 9 8 16 19 
8 20 8 15 18 17 23 25 19 
8 17 16 18 22 23 26 28 24 
13 22 3 27 19 2 10 9 4 20 11 25 18 7 
10 3 4 20 24 19 10 22 14 17 11 
10 23 1 13 10 11 9 19 28 20 2 
10 15 22 6 27 24 10 19 1 2 0 
9 23 13 21 28 17 22 16 4 18 
10 1 13 21 9 10 20 17 26 24 16 
9 5 4 1 22 28 3 18 19 8 
11 4 26 19 0 21 14 16 13 25 28 10 
10 2 11 6 14 26 23 1 25 3 24 
9 20 24 17 4 13 28 11 14 7 
10 22 2 23 6 15 1 3 12 28 13 
11 7 27 2 15 22 20 10 28 13 24 25 
10 12 18 8 22 16 20 0 26 4 25 
10 13 26 27 15 16 17 1 3 28 22 
12 10 25 23 12 17 9 19 24 2 7 14 15 
12 17 3 0 12 9 18 11 5 14 7 13 26 
11 11 6 14 21 7 28 5 16 0 3 27 
10 24 17 9 18 22 10 20 11 4 21 
