1000
9423 2745
3045 2917
7095 681
6867 2385
3779 6359
7955 295
5685 6692
7935 8157
1781 6581
4747 1786
8900 541
910 8185
6793 2169
4903 828
5678 8741
3176 7846
9108 4896
9259 2677
4954 5959
1565 3848
1780 8654
2596 481
3847 8494
461 4930
6683 7487
677 2200
4094 9533
4427 9288
9319 9164
9765 4304
8722 9357
8479 9196
6782 9668
7935 8186
4399 7824
4185 1717
2388 8764
9502 3814
9515 8098
1968 4202
4822 112
2170 7611
4855 318
9066 8307
4581 7435
7482 9342
529 6355
9915 3032
4710 1178
7993 999
2136 6002
5622 7454
9361 4241
6177 237
5547 193
4487 4980
7550 5111
6432 2491
3184 9531
1657 5059
4569 6154
3865 6262
9271 9197
3812 9841
1979 220
5158 1462
1318 4990
2071 2160
4238 9054
4333 405
4452 5814
6050 6775
5570 4868
2233 4924
2344 8352
6684 4521
4412 5062
9761 287
3794 2323
6289 4976
8676 5732
6159 4296
2459 680
7544 4131
1578 8240
6232 3355
5003 9140
6 3346
1638 644
5356 145
2199 6183
9197 1876
9826 1537
8927 4830
7323 7301
7637 2773
178 4464
65 1019
9671 3088
66 5885
9494 7898
5715 6086
1282 8833
8861 8592
3527 7578
137 1137
1571 7669
3815 1822
6286 6006
8774 6758
8002 5560
6213 3268
3293 8682
7864 436
1359 8739
24 8754
1401 1080
1285 6039
7284 1328
4181 5825
244 8393
3927 3330
8135 5433
3833 8844
6278 3626
8906 5689
1772 2883
5067 4905
8001 7845
9604 3826
4411 2131
4445 1540
2416 5437
2032 9621
5829 1284
1588 292
9881 65
5200 1029
7144 2552
4466 5054
8173 2859
1481 6207
3320 5504
4029 5299
5214 4112
481 2198
6572 5418
5234 4071
8267 9672
7613 9313
5566 5170
3396 8648
631 8674
7065 2641
9836 1427
7615 8992
2224 44
889 1689
4278 573
3998 353
9851 8048
5060 9449
4050 3662
6225 3262
8871 3385
9483 496
2161 2021
5873 1331
6037 4801
9758 4439
5894 4240
3028 2297
9736 3068
2821 4584
3604 3643
2984 7737
9925 9341
1383 2137
2126 4551
8159 4961
5506 9213
9562 5685
9259 6805
4076 1141
7964 9576
2104 8300
2849 1007
8931 249
3034 6630
2303 8796
7613 5026
849 3667
9680 4566
2682 5211
646 1808
6072 9256
8389 8759
3398 6488
880 4725
3559 2249
2600 188
2488 1369
5009 5325
1258 6014
8091 5497
8698 621
4971 9987
9092 5979
8770 8907
5875 6894
5064 5224
8024 6209
4156 5289
8555 7643
3705 8277
7802 3311
7336 5550
5897 3590
5340 1124
889 1382
8061 2739
4041 3454
7700 6340
7234 2601
9366 4816
9709 3426
8642 4993
5166 8983
2823 6130
7169 4011
7081 3809
3635 1947
3040 2428
4306 1069
5365 5546
5311 7517
7619 4283
7466 8786
1216 373
516 4012
6743 7284
5918 5087
4435 6283
2785 6913
2230 25
2621 7044
6097 3230
9920 5279
5740 3000
5584 5340
2877 3912
3259 5026
6225 272
630 5161
5461 5604
5696 157
5105 1188
4684 1426
1286 6160
1215 5991
4948 9207
4005 4455
8912 8155
6951 856
3199 1512
1244 9863
9084 5420
8143 6021
4444 5394
803 6418
5237 5461
1885 5033
4232 6479
8178 4313
8030 3871
95 5669
6917 4815
7813 5180
2402 9981
9220 2179
681 8175
9210 1593
4910 9706
8857 930
2251 3928
891 4561
4384 8096
3962 3393
9387 4269
1214 2376
3490 2515
7177 9128
5880 5555
2698 9137
8265 6744
5867 8701
4844 5710
2695 6493
769 7489
5312 2555
6239 4336
7187 7597
3506 710
2685 5419
9601 2330
3825 6970
5974 5214
2243 6802
3089 8058
3922 1030
8598 8992
2926 7856
7658 9951
8471 6599
7689 4532
2358 6067
3607 9437
9494 381
4338 6171
2041 5358
6273 4071
6694 90
8103 9779
6199 3867
6833 8874
2463 3619
3052 4779
3237 1886
7205 7836
8999 6746
9156 9108
3638 441
5054 4220
4859 1286
7456 1774
7529 9746
8813 499
3478 6866
5019 9906
5426 8789
9966 4491
2879 7179
3078 6581
5672 624
8370 5042
1493 3476
6097 2230
5509 5142
3171 3412
3451 9899
1974 2062
6620 3020
9543 166
5756 4392
1098 1322
2534 607
3934 4122
7377 5480
5146 4726
8745 5341
1565 6692
5680 4542
5603 6740
9107 6297
9730 9223
2456 3555
2546 5590
6986 9993
5394 2463
2617 9726
4059 3250
1039 5718
5808 2090
7219 495
2280 197
1348 1510
7782 2969
3031 9073
3381 7423
9995 2517
1460 5288
5996 6458
9625 7847
9097 6080
2216 2063
9564 9221
1805 4447
2098 6733
9253 6193
384 7807
3424 3005
7236 7825
4973 9395
6628 2017
8538 295
5627 4475
7687 3028
7499 1484
7911 7228
4131 4502
6902 6072
6960 7880
3662 7080
7512 1302
3462 776
8919 9518
8737 1537
9573 675
2133 8408
6889 562
9373 1433
1183 4601
2379 9590
1719 753
4822 3437
5027 8507
889 6689
4358 5576
6465 701
9138 2483
5311 9367
135 3679
8153 3073
1413 5669
4224 4994
6272 4763
4163 6008
3072 3071
1411 4745
7214 8742
7610 8256
8245 3286
6900 4356
7150 4825
4922 3592
6395 6674
6879 5392
6197 4365
5810 6855
1061 9635
5494 5205
4022 8920
288 2577
2544 11
4817 1298
4605 3684
5203 8068
7591 379
199 9716
9519 6482
365 2500
6530 6000
8906 8343
923 261
6598 4144
6709 1180
5807 3849
8921 1561
7701 4434
8244 9720
4946 3716
866 8203
540 3904
3115 4363
9243 519
5121 1182
6229 6705
2664 7579
4666 4598
6201 3485
8548 4993
2803 8223
1504 7746
4910 137
4026 2661
4101 6033
3155 5933
2200 4028
510 9491
6014 2242
6692 8353
8923 4693
6791 1987
7261 1634
6038 9815
1174 6329
6769 65
1738 9622
5515 8610
1804 5627
9561 4894
8029 3185
714 4142
5702 7686
8428 1907
7016 6104
5563 1891
8894 2126
1836 1790
295 311
6854 9452
528 3986
5591 5972
8144 6573
2084 4857
5899 5462
8080 5564
3545 5073
1509 6939
6607 2835
1732 667
18 4554
7794 7555
2853 9381
4732 3337
3307 975
5915 3880
9195 9057
9667 44
416 4404
3478 6258
7356 5530
7362 440
2989 3613
6372 8464
6559 9484
9642 7039
2695 2901
1661 5119
6755 7409
6116 4071
8475 7732
8439 6408
5162 8773
5637 7211
1600 9151
2450 5362
1397 359
7094 1462
1478 4913
1794 788
7849 2026
7993 6549
5162 5853
3480 2851
9512 3698
5446 6012
6304 7827
5705 8989
782 6702
1768 7749
8233 1006
2209 1275
6604 475
7701 3722
8917 85
5732 6537
5477 208
7252 6441
8987 2569
9178 5230
4320 5282
1462 3925
5932 1636
3570 4792
8333 3442
5913 84
9199 2981
4215 2925
830 7656
4101 4619
5649 416
9191 3900
7837 7756
9510 7928
4852 6721
3254 1810
4116 2023
7911 2829
2282 1078
9281 424
3579 2754
3904 2774
9469 9470
1001 2543
7124 4242
8669 7926
2995 6543
9602 8855
2266 9715
6942 3442
8517 7403
1002 434
465 7238
5926 7097
4408 1803
6150 295
786 7583
2629 2933
373 6040
452 4380
4316 886
59 5511
8250 4048
6364 2271
5504 2530
2118 8738
305 6542
4345 3975
3853 6772
4984 1005
8524 5059
6888 7045
1511 9310
3229 4965
3833 4031
8057 4151
8852 6379
5159 9736
1219 9396
1572 2613
7498 4317
4649 3648
6071 4989
6485 3166
2912 6026
8842 5868
9306 2891
6854 8551
4726 9593
2562 3139
5007 2093
3801 7537
12 447
6818 8136
4075 519
3851 5199
8847 3495
9836 5991
9914 4059
8839 8495
8340 419
1286 9088
6509 1191
42 8909
6376 2813
2733 2199
5765 4643
1595 3205
9620 4827
325 6336
9009 1630
2821 639
2075 8160
6194 446
9365 3662
3198 6549
7520 1662
3506 7020
6172 3837
2722 4963
9814 8386
2493 7853
2825 7211
6040 8636
4062 8543
9630 5002
6175 9109
7852 5360
9185 6314
5511 1639
4504 1611
1681 9629
902 5858
9383 9548
5310 8125
8071 8966
8731 6774
3678 5333
8551 2362
5911 1288
6984 2166
2079 1647
5777 6354
2346 6518
2453 3806
6349 2521
562 5890
2896 5842
7827 1216
7721 2564
6181 6464
3262 2257
4532 1827
7325 3393
7094 1015
6603 7863
733 7373
2593 5323
2100 7822
4419 7732
7517 9998
1648 9663
8812 4836
6404 5295
4914 2380
5239 465
8116 9032
5597 127
1407 6360
1676 4524
6431 1068
6295 1726
1957 309
2589 9645
3333 9561
5368 7642
7068 277
6714 9601
1429 7415
4128 2016
2191 7641
5710 1396
5338 3982
8017 2842
7262 1070
3994 9748
6992 2653
560 7074
4931 2813
2634 1458
4896 4843
8397 1940
1151 6991
2968 5205
4853 4020
9649 4981
5501 5025
933 4337
5519 5914
3505 6905
6170 223
7919 3101
7615 288
8319 7606
4001 8521
9530 4569
3980 4084
3541 2366
2033 2070
5021 7206
6782 9892
3924 9038
5620 1126
5525 4574
2748 9778
8956 5295
4199 7039
4217 3102
1187 7136
206 170
7688 6517
9572 4636
4850 6551
5101 7539
7717 8340
3736 7526
8836 8391
7205 9593
3123 7421
6662 9492
7048 8251
6528 9386
5733 8349
3529 2801
969 3814
4000 4878
3016 381
676 9069
6693 4018
4823 3749
7568 3967
1347 958
6496 1788
6785 9399
9079 7543
8187 1947
3943 7847
2015 6476
32 6556
2830 9012
4076 5580
1295 4149
1209 1927
9974 6653
1352 9960
5750 3138
6535 2061
8249 5964
2673 9001
1052 6955
3095 8636
5217 4201
79 1768
9910 3610
3278 6758
1658 8322
5420 6896
7892 3688
3084 9790
1905 7482
3120 7745
8960 7440
2480 9071
1982 8608
9688 2140
499 9780
5018 2934
5494 4246
6591 1112
1994 2031
2389 4201
8078 6233
2170 3815
3791 6675
3878 4398
8819 5257
6126 3565
3818 3930
18 7383
8826 9292
5635 476
1258 3796
8986 632
7412 2512
1629 4403
4248 7418
9362 103
1769 44
667 914
9492 3560
644 3443
1731 3078
463 5296
8914 5083
1395 2459
929 287
4816 4082
1539 9867
9453 414
7473 6885
1031 9112
8961 4806
3574 158
8310 741
6252 3921
6424 6407
6606 8470
3037 4708
1456 7254
4935 4595
6867 9590
3575 4498
5856 9881
5747 925
8312 4658
1431 6003
7842 699
7174 5792
6352 5296
9309 6731
40 8570
9300 4298
4298 2378
3087 2982
7442 5389
1827 9342
9793 7567
2632 6878
565 1685
9344 4352
4547 6276
5186 9568
8637 2580
222 3596
615 2424
8308 3015
7716 1964
1872 4090
7888 8026
8513 4502
3041 714
8541 275
3683 7298
6159 2210
717 2443
6067 8669
155 5942
9287 7036
1995 9717
2123 9176
2735 69
8107 7025
6093 2512
4539 374
4301 5042
2017 466
4240 8063
1093 1220
6598 1926
5780 5891
2011 8183
6427 5090
8037 7752
424 7058
3137 9125
322 9267
6193 7418
9272 8200
2254 8135
7555 5233
7036 580
8900 8314
6847 8781
2588 4803
3504 8939
9376 1076
8336 4044
8850 4618
67 7599
9752 7332
5074 1990
9786 8316
2501 9479
1138 4395
3189 1604
8227 7344
5218 8227
1295 6277
433 636
8134 2565
6427 7080
1767 711
3118 8165
6072 8985
468 1647
2170 979
2857 4626
3344 2949
9360 6678
5826 4177
2646 2923
4119 9030
6759 7139
9577 9615
61 8498
2399 9240
6830 5839
1729 9511
3085 4448
7201 2478
6526 5476
161 6109
6531 6407
875 8427
8631 6961
9327 4599
302 745
1899 6650
4470 8414
3866 2137
8825 7487
5085 9184
5732 8650
9643 9675
5988 2557
6464 3910
1302 4728
1217 8532
2419 4370
1067 8338
2539 5548
185 292
1243 7268
2978 643
213 9063
8661 8686
8753 8373
7864 3154
1913 1400
2829 5309
481 2379
8352 6723
5290 9702
3944 5861
7760 4476
1759 7568
9964 5046
5088 2837
6725 9766
