10000
263 3999
2369 973
1231 6900
1080 8986
3292 3394
3161 7646
6470 3571
505 5945
8626 7632
1475 4424
4281 7514
5782 7199
9193 9028
8582 1011
9585 2798
3958 1874
3404 2296
3712 2684
1272 2872
447 9746
5354 8729
4951 3017
9513 6537
3502 9469
4546 607
4248 8970
2893 3097
9208 1766
6935 8699
3536 6029
2316 396
8855 7027
6352 4718
2366 4851
3179 9008
4862 8726
1205 1781
9388 9267
572 999
5618 7680
9638 4543
7185 4831
1211 3634
5963 8068
2975 8506
3573 8966
5095 3928
6912 8266
1885 5581
2165 9103
2770 6935
5412 2260
5038 8718
5378 203
4077 8040
4634 9629
3545 6543
8422 4843
9188 2904
4164 6688
3411 773
382 6140
6105 524
7692 2701
8924 5711
1514 5036
5741 222
750 6742
9985 3784
8203 4046
7316 3186
535 4908
3384 888
6703 5854
3145 9959
8577 7063
4897 5698
3140 3466
4972 1422
8885 9420
6575 8280
875 934
3334 1341
6575 3866
9177 8565
8731 5845
4755 8607
9841 8855
7531 6494
2198 6030
4808 8661
5835 8547
3174 9554
9174 2202
8452 7026
2517 9360
2732 4945
8412 8673
2477 8447
9935 7628
8514 3126
2087 498
4675 9887
3718 2301
4158 340
4959 9272
4976 1120
9224 3624
282 7988
2867 3403
7614 3733
1921 1523
4019 3970
7281 5390
7010 7573
1294 1219
6847 1939
9839 3305
4931 4400
6104 30
4772 9719
1801 6031
1654 4062
6859 9410
7129 8410
4581 6533
6244 7092
9763 3945
3046 8289
6165 4371
6427 7641
439 7594
59 9811
2484 3968
3302 3787
243 5538
7544 6293
693 8942
916 7383
8105 5500
9074 9729
2200 2140
4637 7022
1439 2802
8888 8759
7212 442
8661 1553
3602 7273
987 9995
2094 1133
3829 2244
7704 6906
2582 3773
6066 9169
9080 7359
8104 7713
6587 4568
858 5257
9590 7563
3035 5303
6277 4369
4820 619
9893 8286
7535 6678
4649 8700
5500 5151
2752 6775
9124 9137
3906 9857
6353 5910
196 8458
4692 6846
7005 1127
7655 9944
175 9582
8967 1406
4010 4239
3478 1662
3998 4292
6061 6927
2874 6292
9132 6279
9754 6027
2595 613
4533 3577
9504 4050
1547 3483
7497 1832
2157 7743
1334 2368
3161 371
4504 323
2139 6863
1397 407
6064 2354
9963 9434
7689 228
5731 4679
1345 1842
3878 9094
3166 7328
7228 8301
3221 4852
5993 339
4585 1277
3832 7963
4205 742
1593 4281
9964 7413
6618 4890
1031 5719
7196 1418
620 461
1137 1328
8276 2279
8849 3552
9834 9377
1642 3836
7641 7195
202 7627
1475 4160
4941 372
2557 5422
2807 4793
7140 339
4777 125
331 7676
8423 3494
8565 1670
8508 6223
5294 2627
106 550
1881 603
5166 7476
6454 4649
8917 8399
3339 7663
5771 4019
174 5497
3775 4480
7050 8710
78 8478
7821 2974
4606 7223
9844 5493
1059 8963
1468 2589
2416 6304
5796 9733
1370 6665
4411 633
84 2357
8720 2471
4995 6541
2242 7403
1941 1962
486 1982
3510 72
7119 8318
6851 7965
8830 5169
2361 2635
8288 1479
7947 2362
3217 685
5068 2382
914 4238
5357 5568
4401 1423
4958 1497
8809 8651
3613 7405
463 2274
2176 8335
536 3137
6667 2473
2478 4328
6695 980
3413 7100
243 3774
334 1786
477 5093
1071 5914
4873 1135
17 8269
5287 1928
7948 8975
3654 6953
9405 3841
7305 2787
8000 4307
5273 92
4605 5438
1019 2790
406 4398
9726 2975
9276 8420
6368 4858
3971 3629
5079 3696
5820 9471
9533 6909
8237 7736
356 2640
9297 5297
838 9047
4990 7529
9322 8808
3504 1178
760 6421
8825 9385
6594 9605
2135 9830
3444 1001
7785 4691
7295 226
9570 1363
5276 9648
3825 7340
8919 516
2316 4076
8018 4114
4608 9812
2563 1364
519 852
8023 4955
2849 226
3105 615
887 9502
1204 4622
756 4240
2496 254
7816 9600
983 6051
406 1257
3587 2565
1144 3723
1184 6069
8626 8971
4237 7211
9732 5155
5457 938
2910 8343
3199 4422
2835 3811
3292 9638
1207 8083
6032 8933
2164 6124
5632 8124
2518 8631
4230 5531
5647 4620
3539 3393
7428 9625
126 1550
5293 1921
2738 5603
5943 7809
4463 3341
7221 9873
9732 2604
6009 850
4323 2970
9330 4467
9695 5251
1301 4459
1028 1724
2244 7492
2025 8499
4047 4054
5932 4559
6500 9900
7394 4745
4657 7911
2790 8903
7489 1849
2785 8275
2575 9189
337 6706
3103 3241
464 730
9822 9728
8880 5704
6254 6427
3657 7535
6655 4688
8896 5311
6201 6724
6651 7172
155 2066
4946 5112
8378 7714
5440 6848
817 3928
4679 3044
1374 4178
1499 989
2240 7021
8135 4692
631 6544
5406 4623
2972 1644
8370 4451
1906 4080
1702 23
3433 8169
5639 5450
6332 2384
8227 2334
7335 8344
9570 1887
129 4729
671 8934
211 705
9516 7134
8210 4025
365 3979
8575 2215
7369 852
1249 7803
4116 6860
6339 627
1511 9903
9255 8761
5359 3595
4080 7608
9208 7580
4304 1859
9975 4570
1720 3443
8530 6109
7758 6800
517 9138
5393 366
6095 3589
4290 4549
3267 9462
4874 9779
2815 7198
1142 1058
6261 7413
1759 5096
1611 6299
6266 8992
1041 5863
8813 8541
4745 2783
8666 5913
4549 6924
748 9571
3802 605
6355 3068
8022 2558
3448 1843
3771 5587
9224 2069
5155 9671
309 9214
459 6986
1877 1551
3934 6005
4546 4467
4077 4949
6281 4824
2063 517
205 4084
2 3807
9477 4022
2131 2664
9247 1092
6378 2994
2087 3714
7552 2919
9494 4554
155 2074
6220 8685
7492 9551
2500 6285
1724 9824
2723 2920
1264 3122
4686 9821
3833 8102
2404 8178
172 291
8917 961
741 9723
8350 6164
2149 140
9067 4953
3972 642
6107 8127
2263 6498
5974 477
9164 7969
2538 2099
4309 9629
8924 8712
7225 4466
7987 3401
7350 4775
8521 6499
3668 838
9654 2142
3483 2130
6565 1849
1144 2185
5518 9441
9874 1426
5978 7243
6556 1875
6878 9385
2476 7934
2025 4653
5876 3528
7270 8987
8622 9559
629 2457
5497 8231
4895 2654
8672 5025
3854 105
6841 9602
4859 5303
7998 3836
3252 5791
2775 4658
2880 4151
4199 6809
9673 8330
276 4056
2398 571
7765 3406
5906 8210
5528 5115
4749 3136
8140 2611
1973 7224
6149 3573
9 8565
2975 7778
2640 8788
2149 8842
3715 5849
4659 4032
3818 6965
3517 3090
7735 6822
7586 5829
9345 6191
6602 5494
8638 2043
20 7055
5325 6234
6202 6190
96 8284
6685 7618
1900 221
5724 9868
6974 6494
8457 8681
4778 3320
7192 5999
964 4475
7050 6605
261 1849
7693 4117
421 8568
787 6602
2737 4634
2546 2016
6331 7003
1440 7181
4132 832
2950 7775
1625 9662
5390 8295
5150 1572
3363 3349
3518 2624
8564 9602
2788 1508
1195 9209
8919 472
8491 1404
3403 2818
3396 9922
772 3792
5709 9191
8603 4438
1478 9109
524 8407
2812 8648
1716 5245
8792 8651
8422 3219
1424 8064
7727 4557
4221 5011
870 6119
482 7620
1472 4718
8205 7786
8718 83
5585 5989
6343 5570
9529 4923
3104 7700
4244 2010
7897 8861
7981 6994
7467 5260
5260 371
3104 2047
2261 3946
7429 6447
9529 3249
512 3335
29 9845
6268 1363
5722 5676
1896 4080
2842 2225
4025 9596
3134 6688
6044 2755
465 8678
2820 7421
4483 3809
3520 7900
297 8464
8304 166
3537 4901
2745 1430
1472 8518
5633 9003
8241 3896
2023 3421
9641 6923
7363 5651
7119 2212
1497 2021
3611 8908
8490 5710
6279 3833
818 5253
1621 4917
8925 6398
9279 5787
5291 8001
7793 6603
1843 4540
1032 6223
7744 4333
4350 6498
8443 6687
2961 844
3724 8652
434 757
8907 7160
1041 87
1094 9072
4014 3929
4 3756
7 7486
4535 7151
5398 900
6394 2648
8323 29
6402 7417
7466 8922
9472 4071
5484 1711
1017 5440
5175 1404
7816 2592
3964 7600
3819 2694
5991 7658
8603 8433
3771 7741
6949 2979
7367 4975
7554 241
5072 8391
9834 5010
7606 5532
1914 3910
6830 8034
639 5720
3273 7221
9034 1360
6813 9078
5042 8213
2598 1920
1862 1410
8977 8519
1982 9315
5351 3429
786 7704
7755 5570
4561 3879
8120 9118
5244 7527
9890 3624
6512 5589
8635 3918
9537 3626
7787 9344
4781 4662
7768 7809
8942 1883
3887 8050
9226 5222
7876 6193
1979 7026
3318 9587
476 2500
6075 4681
2250 9371
8270 8801
6795 3029
7039 7554
6847 6123
7844 6125
961 2940
2220 6848
2640 2245
4809 675
6164 9188
3692 8483
1661 2246
3059 5320
4397 6251
8577 2605
2999 8346
9168 5040
7440 6029
7641 3014
9824 3547
3048 6289
9286 58
3457 8971
4361 7975
5501 3582
3838 2257
1060 1117
9255 191
6438 6433
5613 1840
5691 9157
6491 915
6003 7948
6856 7328
1478 9681
2500 8582
6214 2314
1089 5995
1957 5110
232 2761
4483 6366
4265 7092
5170 9438
3407 5654
137 5932
9421 9073
6150 5778
6623 9333
2125 5413
1894 7061
6096 8724
1001 7296
4432 4782
7060 4373
8416 5224
4671 1910
1987 5437
9014 9317
5595 7437
4336 938
9220 3979
7973 110
3996 8864
4106 579
2447 743
9850 8566
8053 6629
9505 5889
8192 2182
9582 2343
3738 9514
6714 6408
1697 4223
4025 702
7999 3375
7007 8725
8456 7420
8808 9691
3172 6717
9671 1286
7688 3926
1264 8662
7180 8507
1357 4889
5967 4176
7724 4604
9594 2546
7504 975
9952 3913
3747 7713
6541 8126
7302 7739
7390 2054
5469 95
2906 4213
9635 5258
294 9717
4382 7589
2079 2058
523 9775
9499 5056
547 7218
9266 1012
9238 8226
8334 8671
2187 8695
6664 331
3704 7082
8988 9795
8266 1727
212 2193
1522 7494
448 8788
6019 4167
4803 196
7900 3030
3159 7345
9376 9472
5173 8066
437 2525
6620 8757
6914 6047
9056 6265
4465 7888
767 6371
2973 4143
721 7025
5449 1011
1270 9828
3579 3834
8663 4287
4413 2488
3438 6680
3228 7934
4901 4402
443 756
934 2065
7555 549
2615 4213
586 645
7760 7388
7047 4980
9997 7314
5231 1507
4435 4989
6697 3525
963 8840
1396 6401
7018 280
8381 6493
5803 6825
3922 968
8038 6271
9942 6752
745 6108
6739 6707
9268 7657
8493 8307
4865 8054
8291 8262
8277 8571
3422 8893
3258 1209
7631 5441
4143 2191
7526 1898
8349 4180
3890 8351
2822 5308
7124 6863
5264 9374
2874 2284
4981 2386
956 3851
1025 1784
3502 6318
1461 6479
7200 9388
2243 3249
8005 4372
8855 8908
3197 3285
8476 6402
6425 3689
9081 2069
4573 5613
7821 7617
2036 8602
2484 5892
4841 8789
1230 1309
5700 1046
9760 1523
4412 2460
7578 4216
4192 9725
9845 8262
87 2460
6685 2589
5610 4373
3286 5594
804 5704
9384 2299
3303 5477
2127 5476
2066 1503
8545 7414
3242 3576
2862 3181
2565 5958
8981 8009
2519 5435
6728 9880
6759 6822
4833 8057
3340 7731
2804 6428
6170 9888
8432 7715
5320 3888
6607 2577
5568 222
1959 3674
8401 8744
6659 7610
8941 4131
2934 1370
566 1020
9673 841
4510 2810
9628 2437
506 3802
5466 6497
5796 8266
3499 4506
4732 7938
6699 7199
5748 3669
2976 6646
5884 3389
7242 4347
9156 1265
3368 8566
7421 6615
4954 8264
9722 9502
1482 5242
7075 3747
2149 7205
5484 3877
8417 5376
916 7952
3423 4004
463 7466
8121 3495
5562 7864
9500 6956
8240 7627
1728 4914
903 121
8919 6661
4824 661
3277 6948
8616 9748
1876 8554
1018 147
8203 7700
3187 7504
9114 5618
5541 3821
3030 1612
3179 4241
3131 5194
3874 8325
6748 3149
4826 12
7670 6055
5656 5801
580 2176
4498 9502
6226 7492
9426 6048
5178 98
6136 7753
165 5292
6181 9506
5552 7700
1802 5944
3112 4931
9896 9553
4298 5121
6675 6532
3603 3766
6054 3709
789 671
2313 8532
606 3458
1508 2016
2621 840
6963 5973
7530 163
2611 1223
4621 5724
7868 7156
4463 4775
3063 7093
8408 7352
2410 6169
1745 9973
7042 9172
7956 9441
1924 2354
7026 968
6269 3499
3032 6885
4142 6822
6954 163
5178 361
4771 6402
8250 5336
8999 7957
5807 5630
663 2531
7442 1048
1014 9209
8947 174
6486 3530
5591 3904
2993 4076
9331 5222
3599 5290
6073 2409
227 8674
7290 7107
1178 8834
9307 4902
5522 2946
5082 2414
3031 2577
5014 2486
5335 2972
5837 1580
7071 4599
9772 1686
9039 4229
3343 4333
8584 9211
7320 1178
9283 3057
7429 2096
2834 6313
250 6164
1824 7941
7779 9869
9146 5112
438 8110
7934 6071
2691 7735
8023 2807
1575 7508
7302 3071
4751 7446
7971 9951
2733 5762
6790 4135
8636 5246
9604 7338
1914 5806
7407 1490
7542 1986
150 39
4339 6879
7753 2326
7252 1023
7087 3864
3872 7679
463 4349
6920 4606
3007 7595
4653 6057
3768 2587
3220 1316
3827 8531
6253 9785
7145 2334
8108 3192
27 3641
7979 1577
4668 8062
9746 3376
4470 1715
4359 5312
8274 2884
6471 2347
32 6613
8982 6034
5674 1180
7982 913
6878 9161
9057 411
1307 6895
1498 8001
2017 1860
887 8142
1662 1728
1661 6446
5638 4729
1439 7888
1745 7566
6744 7648
2162 1732
924 2668
1031 9756
3841 1631
1054 5813
7487 5374
584 8480
9452 7376
9581 8016
1117 9461
9446 568
3137 336
8242 6639
5407 3767
1065 322
2835 4904
9084 4233
9854 6206
8651 4659
821 6379
8298 7442
3711 6427
8308 1383
654 9979
6372 3924
267 7079
2369 347
5832 4447
4199 7554
2159 2968
2628 3836
6238 7079
2538 9487
3883 7808
6428 790
4932 7951
4907 3066
6894 800
9516 3940
1700 4708
3448 1656
7798 3864
2664 5756
2613 156
5112 4485
9609 856
3095 5392
1540 262
5475 9773
2688 6551
5281 5139
3680 8133
4496 293
4035 8791
3671 8936
3642 8164
41 1739
4389 824
9139 4382
489 9517
315 7695
6323 6980
7250 2477
6879 3968
4158 3464
8012 1407
5148 4528
4330 1692
2855 3156
1050 2600
8768 5479
9535 6876
9183 2816
8613 3796
9451 1473
3990 4264
3889 313
697 629
1920 3615
1272 3964
33 8023
6270 789
8778 2897
2193 4341
3011 122
8633 2089
7232 2855
752 4907
6170 2480
1241 6064
9887 184
558 5112
8503 8244
8836 3652
7275 6907
5836 1478
9437 2109
4605 8376
9756 2289
4922 741
6164 2422
5193 696
516 8482
3034 10000
6084 3839
3902 5409
1140 747
1620 5280
5924 4414
4081 1398
7112 4689
4906 5223
5446 6108
4118 1609
1214 1905
2153 5975
1021 3560
8094 8017
1509 5349
4863 2383
8913 5155
8220 1167
2556 2915
2332 3444
758 9913
4833 8318
3905 5287
3404 3591
9778 1927
7872 6803
5630 8033
5090 9750
1515 8654
6320 8719
7168 4177
9934 2798
1593 4883
6271 1095
3645 8050
457 7475
2113 7168
2660 322
1454 2172
670 2733
294 2110
107 3493
3556 1143
9048 7555
8008 9697
7740 2869
9682 6625
515 8033
4414 3003
5522 2420
7856 284
3785 4816
3399 2136
6494 6100
2947 2251
4740 1108
6575 1955
4059 6015
4326 458
4312 2432
7588 5511
1604 1634
501 1851
3715 3768
1022 989
6187 3970
7617 7945
5041 1694
3316 3530
6418 8961
8458 3292
1212 6578
6591 8187
3380 4607
1131 9433
2738 5279
3631 3379
6920 1041
5857 3195
746 6328
1791 4507
9279 1151
2733 277
4066 323
7762 9208
9476 1983
1452 264
5431 3682
2809 788
5450 328
1766 7589
2838 1689
9582 6201
6427 2404
5656 5370
7791 58
9129 8851
1389 8827
5126 2447
9197 4806
6234 7991
3253 1263
210 4696
2946 8945
4935 4943
1199 9320
3011 2356
8641 4858
1427 93
6951 2452
9469 303
26 3387
9172 7159
6166 489
4058 9243
9593 6807
7390 508
8335 6097
8003 5897
6092 9225
3589 3234
2198 111
6733 5493
177 338
971 126
1730 9496
3944 293
7246 5928
4926 9283
6152 9562
7102 7956
9738 7055
6490 4247
3075 2947
5527 8272
942 9442
875 1419
456 7606
2466 933
6211 8768
5656 9669
6022 1887
518 7033
1212 231
2116 7795
9160 522
1781 9779
9492 658
8437 5453
3298 2674
2159 5573
3512 7222
8900 556
4296 2094
2439 9007
5766 8058
6331 8961
2185 2237
3503 35
6302 7808
7799 5274
7852 4965
7820 9055
8366 7928
4823 4263
1789 7026
5701 2040
9805 625
8060 4881
9459 9280
8902 6596
3548 9443
6793 2535
8149 7790
3764 2077
7374 4155
4433 1719
9562 4839
7551 1874
6185 4510
9324 5281
7297 7224
5714 1187
4353 1492
2805 2070
6543 1353
1317 6040
9793 4641
8371 7159
3931 1334
1839 1177
757 7092
2386 2999
2042 4303
4845 1240
5636 7021
3202 5105
694 8079
9090 4052
4042 7581
6341 8478
585 4179
6226 7480
9496 5679
8460 67
2894 5954
2696 9255
8118 3980
9201 6981
6212 9529
8209 9308
1962 3350
7598 2433
1680 9677
7878 860
5546 4519
6039 7195
3609 8248
5771 2325
1802 6211
2407 2202
3655 4251
6883 109
565 8754
8372 1304
9173 7827
7174 2177
7064 1366
2439 3327
2281 119
5525 2131
2781 6259
8071 8982
9221 7529
2187 1640
4282 1784
4689 4634
2697 4613
2434 1898
7375 8966
6973 1532
1543 4069
3621 5972
3256 906
291 2111
6798 7934
5340 2213
6051 9767
5031 6572
3452 9064
4713 5904
1343 1303
1227 4525
5403 8020
8870 23
7914 3263
3476 7728
8862 9426
8289 8678
4873 183
4296 6904
5274 1949
5417 239
3359 9467
7983 3043
8892 6361
4576 9695
5241 5030
8394 461
4579 464
7245 199
8150 8769
9796 5033
4635 6712
7477 9655
1625 252
2790 4462
8917 1889
9572 1487
8898 2297
2317 8430
5374 8344
4355 3165
5460 1226
5443 9295
2512 626
4593 1268
9624 1916
193 2124
2783 9405
7972 479
2555 2647
5343 5349
5034 6840
1905 9391
8613 2837
6966 4526
4803 7841
3274 9749
6200 404
4053 2169
615 4588
137 8444
7620 1568
7501 7468
3658 6603
940 7458
8764 5061
6407 3544
2886 7654
5513 9283
9702 3101
1559 2385
8800 9460
6851 5193
4928 8753
2372 8581
2324 9747
3003 8320
5997 6118
6019 7496
7216 6956
285 9855
5571 1712
9390 109
2474 3835
1513 9658
6419 1060
4691 1684
1534 6692
2778 9738
9486 9182
691 2526
3893 8415
4482 2672
7345 6794
8607 327
6036 123
5434 5280
9251 7327
8338 332
2157 569
9348 6428
6237 8814
4487 2085
5969 3448
4451 4204
4644 185
1048 930
4973 7054
585 5550
1213 4288
8528 4955
2495 9771
109 7868
9526 1813
7694 9399
2794 2249
7625 6411
3233 9258
884 3044
5182 7898
7688 8181
3785 7928
9712 4077
8836 6150
2702 2049
9871 2018
643 7215
1579 5305
5632 5139
2859 2149
5681 8790
1150 5433
4211 7941
5811 5032
3827 3492
5683 899
6206 1814
826 2105
7893 4
8632 3413
4030 8560
9401 1290
6214 1579
6686 3684
4026 275
4247 8018
7545 3637
8926 2944
5398 2561
195 687
5515 5097
3742 3870
7984 416
6090 7442
7812 9979
8313 5050
8022 364
9591 7555
9368 8318
7902 4592
1178 5541
5314 7232
2157 1481
4326 2320
7815 9006
1909 719
1812 9460
5878 1177
9367 9779
91 3730
3458 2657
7483 3829
5854 5355
9829 6235
8640 5362
9807 9384
5083 3943
8549 9661
3139 482
4362 6816
9396 2634
9562 9597
9262 8642
3770 4808
23 6235
749 1852
5188 3009
6171 2619
4522 6853
6161 7542
9703 6414
1776 2797
3669 8474
8365 3318
286 3393
7638 2612
618 6434
8463 1728
7096 5656
289 1550
3238 1369
3182 3080
1956 3206
3557 1909
2062 7307
2666 3673
8192 9123
9526 5772
1914 4016
4875 8610
8570 3482
9173 2603
6140 2081
8447 4943
1660 7327
7802 7734
5922 7167
256 2085
4676 5547
136 1896
3221 5850
8886 4873
425 1587
8898 8012
8693 9341
6786 2428
7036 9694
9743 174
4349 3915
4897 4874
7239 2643
1325 6975
7334 5210
9603 889
948 199
1712 4643
52 5731
6815 286
4724 7337
2192 8954
2552 347
291 1226
3404 7498
5604 2768
6181 3568
8406 5350
4505 1716
851 1504
4296 9899
8192 2802
9451 2304
7002 7956
2297 7111
3539 3816
2831 5499
3979 8386
9629 802
6829 5890
8065 78
8453 863
1068 1126
489 1649
1775 6747
2676 3808
1630 9308
2715 3493
5178 4532
6469 3082
9390 2887
7867 5086
1063 9111
939 7828
6105 5502
763 1907
846 8166
4331 9988
4177 7347
4356 716
1035 7625
4544 8573
7826 2481
6409 3024
6808 8478
3413 7811
7603 1936
4003 6511
642 1919
3716 2704
8202 5741
2528 6366
7164 6071
7366 7042
9558 8586
532 5074
1924 2866
5045 6812
517 1815
3689 1902
3663 9639
2091 2591
1086 2283
8969 5269
6931 2618
2547 8097
6750 1228
2432 6766
4426 3550
10000 4456
7194 4767
7700 6012
8699 403
4206 1904
7899 2049
4186 6993
636 2211
8026 4118
9358 8344
7643 8358
6544 1217
759 8174
6181 7662
4862 2315
4194 1020
8812 3614
5089 5805
8445 8677
3062 6430
3583 6643
4852 1352
9691 2864
6345 2805
9649 8121
8940 9858
136 8912
7081 5030
9955 9201
8445 3132
816 1584
3561 6994
3239 8933
8792 7254
6939 5874
5696 8474
242 8137
243 4995
1205 1711
4703 7365
4310 6220
1970 5211
8799 2817
2136 1954
4812 1048
2503 2007
4496 3758
4770 2431
8560 1510
65 3012
5251 7551
7392 7949
9553 1946
7107 3471
5775 2416
377 8513
3070 7894
868 7917
4318 1982
6547 2715
5704 7094
7369 4076
9104 3892
3027 1241
8461 959
4854 3698
8424 5981
2561 1517
3489 1388
7968 8717
284 243
9478 9088
6183 4385
8410 1060
2540 7152
2316 4851
6657 2029
1884 2809
8452 5782
1943 7614
4402 5528
3083 7497
8187 2539
7901 1126
4809 9571
3901 7395
2541 9265
7853 5301
8355 7041
4845 6070
413 8383
6775 2342
2172 1446
5952 3724
1686 9528
2238 3445
8488 1565
9512 2671
6909 8512
4555 380
7603 9342
1584 5745
479 5143
3566 6322
4512 2821
6093 5380
4712 9023
1025 536
2550 6904
1690 7748
4317 7467
994 4311
1067 6390
5577 5186
2916 1040
1807 6837
9080 8314
5298 9962
1131 278
5736 6351
9275 6164
8286 5227
6751 7114
1653 6906
2592 1303
5721 1107
5958 2490
6438 1190
6398 8540
8243 9574
9968 4681
3658 1277
2063 8846
984 2593
9711 5138
4096 5496
8344 93
8591 7841
5824 178
8468 8948
7011 7610
765 5800
3083 3086
4296 6742
9698 9330
6672 5206
4478 7790
3275 5288
280 2387
8096 2130
9950 4483
5796 6788
2499 5058
9947 4110
7093 3351
5736 2332
1231 3727
8514 7934
6514 8053
5308 2651
9589 9052
5127 9077
3846 8616
3537 5432
1363 2090
4847 694
5928 2721
1095 6889
3074 3762
1405 1266
412 9448
5754 27
1256 1692
2025 2550
6614 7865
5400 5088
4228 2179
1227 2447
6151 9480
8332 7319
8882 1874
322 1916
4610 780
3 6869
2359 7441
4024 2821
6318 7185
9253 5068
5071 3016
9665 1341
2022 7945
6677 5629
9646 7038
9896 8286
4749 7223
4307 2137
1777 181
8679 2393
8936 8214
4711 8394
7110 3638
1351 5168
1369 4952
9644 8541
993 3265
8166 3532
8367 9049
7112 5626
3764 677
7629 5170
3329 5846
7598 828
2857 7980
3396 1770
7721 1943
4982 9976
8813 6440
1870 1343
237 1225
2071 8709
2363 6639
2809 2079
3340 2675
6647 7529
684 9586
5163 2536
124 6916
2117 7766
682 1321
6221 81
4588 5307
7686 8152
9656 9611
5268 1325
7560 1136
4198 5143
1381 7330
2303 6597
5770 209
672 8113
9050 9753
3998 396
6233 3058
8263 8063
7016 7561
342 6118
7964 10
3169 9120
5246 8537
9654 7119
8383 1838
7311 5567
9729 7312
5104 5699
6960 4137
9896 5078
2692 513
8536 2067
565 5868
3267 8744
7533 8083
6836 5826
8085 1551
8674 9612
3143 2186
9241 2981
7119 52
9586 5107
4744 4910
7049 8773
4688 932
7631 6756
6063 9570
9422 977
8902 1658
6914 3982
4235 2975
5611 224
5767 1954
4093 7584
8032 2490
4485 9251
1043 7984
2636 9677
9877 9915
6679 9645
3722 938
647 4553
1833 2470
7526 1241
850 8374
2167 5269
1615 2701
8586 4045
8152 8978
3876 3321
2661 5542
4024 7302
9364 773
5570 7965
9381 7870
9355 1327
8409 1896
1493 1053
2134 4075
8517 4017
6626 2531
1270 2840
1587 3515
9182 8637
3777 5360
4887 4698
1262 6569
2458 6485
9270 9384
8490 7407
4308 752
3683 8523
8806 6648
7993 4884
8775 6084
2964 4387
4750 5499
1962 9721
4863 1971
7205 2808
7801 8934
3180 3892
1851 1170
1231 1967
4544 6385
5960 7407
242 1070
8127 3125
8883 8339
6179 3226
6933 9219
2115 7445
4898 7758
7757 4163
8032 947
2469 7409
1216 3146
3784 8478
9797 351
488 8324
272 43
6761 5655
735 6221
6054 4360
5717 5702
8896 3402
5018 4278
1987 331
7629 4004
1812 2729
6287 3701
5527 3494
4299 8740
2258 2805
3704 3440
8187 5721
8448 3396
5236 6978
6585 7365
8453 3400
4172 4353
299 6783
1245 4808
1851 7413
1818 8523
6893 5579
616 9216
4311 1971
2680 6614
8966 589
8864 8741
7366 9289
8247 8641
9939 4853
8345 6094
9344 3875
3760 3461
149 5802
7575 9259
7051 7664
8106 6772
3178 3163
8160 3312
2504 1261
9280 1256
9000 8461
8362 3243
3050 8035
8262 6125
8419 3089
5408 5056
438 6211
644 7833
2260 6516
4952 4841
4556 8279
6564 8163
6574 8346
202 6198
2857 6963
3628 8444
6731 5227
4862 3536
44 4903
2924 1707
7348 2497
3260 2057
466 1171
6241 6852
4593 389
8012 8487
7952 2971
5841 782
2642 5825
4581 5403
3345 9473
9886 3603
2977 6581
412 1457
5562 1942
7185 7191
9246 9354
3837 9571
8689 8518
275 99
475 7492
7708 7360
4150 539
4922 3455
8543 750
8014 2532
6270 9087
9660 9611
8669 3940
6362 9597
7471 7037
593 7072
4919 8888
5468 987
2948 2672
2283 7966
8969 8724
67 4871
6471 6900
5577 5377
109 3457
9622 2447
9451 8245
2368 3656
680 7778
5470 572
4929 3558
9038 4255
4551 6903
7470 1773
7396 4387
2134 8093
2517 9095
5890 1610
7548 959
6426 3594
88 8835
3143 4448
1880 4588
5172 5050
5627 2892
954 9334
5677 5888
6849 1370
1286 2524
2814 6242
8515 4881
4596 639
3495 6952
6164 4202
7199 7665
2016 9084
4726 1091
4417 5109
6418 3400
3618 4886
6628 1778
5126 2073
7685 8512
1066 5148
9037 2602
4241 5106
7013 1180
524 7458
8366 7206
6174 2893
3851 1015
4837 7704
5690 3269
2107 1301
2698 2488
7858 1966
3580 9622
3951 7919
9505 3526
6632 9272
1397 707
8490 6525
5939 9570
9202 3548
532 3946
4375 7365
9372 8770
8417 4320
8686 655
7448 9937
932 8354
3474 8269
1414 5348
9164 6521
35 1375
1939 2340
885 5273
4975 2981
6359 8207
8329 363
1815 7260
3107 57
6030 9731
9934 2612
4698 2298
6498 6599
7367 3180
9053 7890
7602 8524
8155 1775
9367 4476
6005 247
358 8014
6004 129
4699 6007
5202 3590
944 1811
5209 5615
5750 1695
5341 6788
8961 4567
9375 7802
2953 1997
3886 9310
1609 2027
411 6749
6530 2049
3051 3111
3417 5809
8907 1321
8932 3720
8772 9508
3500 1126
7644 4302
7285 495
9240 7980
9832 1349
9114 2073
3471 5825
1371 5485
8435 3204
5125 6095
7502 9001
2006 5340
5555 8475
2960 3974
9686 8120
1397 6362
9835 488
5072 6360
6772 690
6397 7503
2305 7079
7532 9194
1988 3519
831 8035
4909 2181
6690 7069
1680 9862
8804 1025
1997 5770
4837 731
3762 9504
8304 2913
1762 6481
3696 7679
3309 6179
7360 2193
7795 1135
54 3149
6184 562
5733 688
542 1849
1041 6669
9778 9746
2679 8523
3536 6894
2700 1453
7017 4672
9948 1556
1253 3785
3139 6616
7302 7934
3289 6380
2050 760
5448 1461
1217 5310
6285 8193
2246 5804
7610 2804
1557 5295
1648 1668
950 1138
2383 3808
3286 6929
8305 6485
9983 4197
6606 6763
8489 7673
5766 7237
3371 6902
7525 8249
6899 2058
2468 9950
7375 5387
5786 6194
2360 5880
6667 9768
5947 2289
6523 2809
8282 2076
404 1589
4659 8936
6434 2537
3577 2539
9575 8888
7149 5046
3867 8011
7504 232
1613 7126
2927 7832
1645 4470
1545 7962
9763 7173
2470 1061
3325 8265
7531 1722
1787 4046
7047 6583
4372 2555
1326 0
4245 6740
4803 2399
3995 3369
6421 9589
8729 6729
5593 9355
5084 2991
9342 6194
6851 9996
8938 3203
2718 6652
9432 2017
1635 8051
7415 9103
9753 7391
2800 4639
7358 7514
2824 4544
5352 2647
3693 9407
4640 9659
9435 902
4527 8634
7658 2415
4727 6967
7704 4591
945 7539
1002 8762
9157 279
5056 542
1333 7217
3982 2976
6094 7089
3227 5045
5811 9419
9594 1448
2631 7058
2940 670
5399 6881
5615 9413
7563 9138
635 1022
1489 4431
3078 879
8372 3740
9193 5256
9566 66
7549 163
6122 1365
9312 4977
150 2042
877 2742
1429 6022
4180 131
5453 5552
8315 7188
4369 5555
9633 9650
9870 6386
1956 598
6759 8898
1500 822
1851 3060
5787 2307
6689 6144
7523 6084
4556 1319
3061 7554
2913 5728
9132 1365
6139 2914
4796 5109
6417 674
7398 9491
5346 3206
6864 6594
2869 1369
5383 9728
8688 6057
1553 9183
1688 5711
8252 2214
5649 3899
7472 3936
5018 1513
7760 7269
7524 176
1302 6744
4917 4467
6914 6109
2287 9816
8790 8858
3952 7143
6316 1166
5594 2721
8604 4213
2787 9028
8486 6694
5440 359
6153 8936
3955 7956
9030 8216
9333 700
2613 5510
8213 1818
7451 3301
6912 3602
780 7509
1250 5135
4817 8120
1810 4223
7087 1429
686 6557
3288 3242
418 7445
5189 2768
1900 1156
9446 6925
604 5076
6950 9676
4137 2493
5264 5747
8908 188
8599 5076
2529 1174
1378 2967
9534 1616
5991 6276
7348 7289
1594 3082
8371 72
1076 8473
1999 5144
3882 4951
8730 4578
2969 5397
8371 5782
4148 8255
5963 9473
170 5029
5715 504
2970 200
1215 7135
8759 3945
9177 6188
810 8177
8000 23
2543 668
7340 2524
6476 7300
6309 3517
8367 2802
3116 7645
5155 8422
3374 9382
2975 8347
544 1319
5972 5532
9305 7457
9521 6697
867 4951
8795 3130
2500 8375
789 4423
3234 7953
3389 2966
3649 1607
8976 7297
2151 7467
4311 7734
7173 4279
1375 4186
1361 5377
8948 9285
7950 6860
3895 6724
9449 6486
8283 1789
7317 6768
6274 6887
1065 8061
2536 4834
2609 8176
9600 4879
8398 140
6952 2949
1496 3372
2243 4661
8655 4026
9706 4918
6177 8146
8456 1877
4300 8699
4474 506
9139 146
1589 3719
3326 1311
3737 400
5900 3705
8290 9286
7295 3480
6856 8205
6517 9889
7263 7307
4969 6371
3778 7906
6620 1093
792 5031
7881 7093
2349 9269
4533 8623
9743 7856
9929 8546
9156 4494
6774 7687
4868 2127
4111 3922
7401 8737
6763 7591
5989 5582
4967 6619
5259 9389
4363 1903
921 4578
4744 176
8996 5940
5103 151
7682 4679
6802 3652
3063 8270
4031 3663
5858 9232
4882 467
4735 8195
5720 7141
591 9059
4869 4648
568 4438
9389 4610
7385 6485
7804 1682
8973 956
9771 9239
6246 3204
2445 7405
9607 2414
865 1032
4939 3465
7031 6960
133 2461
5024 3785
2916 1198
7525 2892
3814 6893
8899 6899
5797 9226
2398 9126
6232 8281
8607 7378
7698 9970
9593 5032
7894 3144
542 2577
7186 7098
1190 6016
2744 9091
7753 6666
6720 7471
8052 6740
4811 5707
1364 5846
7585 1620
6111 9244
1841 3198
5754 1882
9927 6158
9006 5769
1522 3332
9377 3980
9053 8464
3368 5940
9487 619
2222 6238
7433 921
6209 8482
5832 1183
5099 2205
9900 810
6194 8670
9500 8677
7536 5149
8194 6954
5474 1912
4958 8164
5054 5573
8124 8012
7508 5098
1157 4594
5979 398
8651 5255
7754 5895
373 9850
1815 7604
7996 2907
7681 5369
4831 9851
7467 3671
722 7052
7642 7645
6664 7786
6372 970
1110 6621
672 9995
3892 5501
9002 921
3152 460
3996 6165
2007 8003
2214 1439
5928 7774
1957 1247
881 1382
6072 902
5158 1158
5740 5738
2025 3208
9594 9947
108 1113
5535 945
8235 3323
7877 4530
9605 4032
5558 5491
9457 9570
6918 385
8589 2538
5588 128
8867 6540
9795 6617
1449 2487
5470 4033
458 6758
6582 619
9225 6126
3163 939
782 7653
8760 374
1016 9791
7084 1822
3299 9425
8061 9724
6645 3739
8564 452
1054 3927
2365 3042
1221 6532
427 2380
4191 7172
5153 7588
5067 3163
928 384
7034 2826
8350 7555
2239 3788
6586 2587
5819 5513
3636 7744
8147 4294
7099 4786
9098 7939
1431 4393
5906 6635
5882 1917
6571 5083
1880 7712
6601 3274
9981 8580
6816 8980
6619 543
9212 1653
3265 3962
5152 9062
6571 4055
3652 6329
5134 994
428 8960
6542 2778
727 8023
1646 4020
618 1385
3101 8295
3108 79
9687 954
1658 2843
3472 4345
860 2994
1337 401
1025 6315
3702 3723
920 6133
1219 6966
8840 1332
2091 5822
5566 3814
5720 8956
3821 4429
6663 3816
6753 3989
7607 8509
4293 9707
3570 1429
2973 2540
9391 3843
2307 9926
7547 9292
4700 8484
2806 2403
400 8173
156 4268
5530 2918
9228 8600
4895 6817
5605 3981
1653 8569
6040 6805
3313 6774
4167 6222
763 2491
583 6389
5075 8489
8252 3977
9870 2565
101 7211
589 8575
8860 7570
9599 6236
1898 3546
8878 8846
5654 8885
5530 2355
2066 4943
1535 7794
6123 7680
3933 2982
1263 4367
3380 2529
4269 3794
1597 825
6371 7562
750 9667
76 9353
5194 4952
7629 8507
9444 401
3544 8199
6109 7123
5488 408
2591 3142
9623 3789
6565 2644
1799 4182
4074 828
6478 9851
4126 9819
725 8053
9034 483
2740 4671
8360 2860
3882 1108
480 6216
1158 8753
1769 1171
918 8619
3089 5692
9515 4478
5694 332
1125 9913
7468 4505
8396 9712
9217 7662
3860 4426
6620 265
8967 4526
8224 7587
9530 4143
7484 7815
6007 2068
4323 4037
9937 3360
6130 6127
1419 7459
2328 9940
9981 9185
8270 3136
8648 5417
2432 2961
9880 6947
3581 8971
3304 6585
2422 8394
7194 9139
5747 784
9352 33
5967 8253
233 5443
4472 8080
7594 5686
6864 7525
6678 2718
8057 7608
4087 2787
9090 730
1366 2039
1162 4324
156 3780
2162 1981
2680 270
5389 6416
1535 9036
4727 7771
9006 5863
2187 7210
6911 5039
7919 8973
5062 4303
1966 6201
3024 6388
7031 3003
401 8229
1662 7369
2357 6170
8431 8390
2660 4062
956 8157
1894 8107
6156 434
9986 5796
8478 3371
2750 7064
460 2320
7130 4142
9225 4402
8039 1258
3559 5276
6298 6839
563 667
7321 1436
4692 5320
4576 6906
8600 7853
2954 9936
8227 4343
9887 8402
9382 1714
9696 1005
8580 2242
594 9870
1974 5777
8282 4208
4441 5461
7308 1539
92 4756
8878 2192
4406 2921
8481 827
2879 2527
9956 6263
4316 1687
6093 11
3233 7296
8309 5499
7049 2340
6852 715
7723 8690
7980 34
222 9106
5038 409
9680 2657
5727 3240
8452 8845
422 7781
4420 8048
9646 5730
7077 4785
9660 4565
3690 5747
9266 7787
6136 6793
4183 2869
6566 9571
1700 2788
5677 6269
8288 2513
795 2148
7776 5524
3434 1351
2987 6446
762 341
5146 1824
6102 5954
7914 1295
1964 8485
8097 4894
7334 927
3791 6840
8077 8779
7134 8463
6804 5139
3601 8019
9720 3853
8144 8032
1019 3757
2255 5123
1841 9836
5046 5688
1758 9729
5615 4081
5760 9170
417 7928
4335 3568
1923 119
6333 9540
7949 6648
77 9998
3568 3599
8805 7948
6837 1943
2663 8953
3963 9140
8502 3616
4434 9643
5858 1202
3807 8201
3122 4338
6024 2316
5692 8060
1564 6940
1368 7982
921 607
5639 5957
6156 2806
8051 3901
7529 9168
1777 8054
4370 6199
7694 325
254 729
4736 1374
2004 6589
1879 9861
2002 3245
3104 6424
1394 9965
1472 8704
1410 2891
1440 7939
696 6132
1272 3458
6522 6686
9532 6691
5699 5901
2292 5035
4598 9707
9340 5889
8277 4035
3418 3579
406 6579
6961 2847
7695 4926
5546 8511
2059 5164
1727 3685
4129 2870
1498 8768
5807 762
351 998
4382 2121
9873 3108
600 4320
6995 4788
3088 5147
7306 620
7769 7130
3558 1295
1960 9402
6225 9242
9054 9637
3779 2373
7585 8512
5359 6508
4927 7477
2070 4743
1843 7085
9645 7150
9387 3829
5109 6322
6729 5331
1900 8437
7985 8686
1437 6142
3685 9999
7383 1325
445 5672
8929 7283
8692 6018
9169 6356
566 6614
5813 13
6261 8746
709 7607
5509 7181
7516 5283
9045 1398
1967 3479
7996 1991
7925 4414
7461 5289
6206 5720
2728 7082
8727 9932
3852 3018
8143 2238
991 5238
4874 1452
4800 1129
5478 8095
3529 5910
272 8117
5040 4969
9762 9463
8902 6201
2238 6588
2793 4869
2682 3597
1074 6400
937 2471
5519 1331
5499 4910
6255 2394
6269 7313
3116 2860
7485 2318
7618 2163
3828 1613
420 2357
5291 5129
4266 3871
5603 5814
5343 3681
1622 721
2367 5806
3180 7619
6630 9140
7174 9656
5593 4235
5649 9839
2069 1787
7574 2451
8198 1964
7770 2627
5222 6961
3265 9921
7522 8833
1582 3126
8098 7976
5232 6351
8005 835
1684 7061
4762 7686
2249 2110
6682 3124
8608 6410
4845 6753
7408 2102
3489 6934
3025 1422
807 2992
6079 4306
8904 6274
5838 9479
6836 6944
2697 2602
3701 7736
1484 8742
82 1343
209 8896
5674 7111
1285 5615
3994 9532
5409 5640
6971 2754
8331 4578
3204 9898
1455 2175
9561 5704
1453 8858
1326 3608
3685 9572
9215 3147
2179 3140
9668 3393
3773 8317
275 6797
1950 3927
5238 3598
3094 2455
8511 6775
6982 8534
1120 6657
4765 7455
9988 1990
6352 708
4608 9418
8082 9912
2908 7445
4972 4096
9052 3167
6707 5467
1507 4556
8586 6547
5150 7588
6754 8700
4515 6227
908 3926
2697 7915
3711 2083
8985 356
1187 3962
5004 5826
5171 9894
927 8891
4761 4567
7498 2248
2258 6007
3334 5427
4272 3255
2523 1415
1925 2812
850 3073
1633 5850
7141 7563
7469 6587
3499 5731
2986 7398
4348 6762
8759 8643
915 9297
4167 3871
5494 7193
6976 3140
236 2808
3628 9505
9692 4931
772 8139
2837 3938
1215 2771
7375 4908
8497 1453
6721 9983
3447 461
7885 7500
2298 7293
3230 5476
9856 4286
6586 9786
5426 5735
5085 2543
49 5643
4507 5172
4706 5121
2242 2472
7609 6928
9802 3952
4479 900
8966 7370
8299 2602
78 6779
5281 6531
5187 2517
4456 8448
3552 4675
5130 4492
3583 2545
1107 1901
4513 2258
5483 1324
2204 244
6040 4405
2578 1935
8655 9953
9974 1492
3620 7242
938 9644
4989 4661
2936 1263
9441 2946
8356 6017
2146 3004
7933 7595
6159 9851
7054 1151
7818 4094
7583 5834
5134 4596
4160 3206
5012 4676
900 2463
3044 5447
2443 9657
9656 5502
1527 2098
8274 5166
3840 1654
9972 647
8869 4073
864 7183
8666 3605
4860 314
818 8619
8729 4300
2212 3454
5046 4366
6340 4931
8356 5295
9614 5553
4743 3604
373 4173
5431 8550
3624 3570
3922 5460
1587 7047
7374 9510
6335 7755
8752 5560
401 6229
2724 4252
1230 7742
1 9744
6958 7995
1097 4720
5374 3989
9199 8331
3832 8633
9859 2474
9938 5861
9722 2727
6040 41
2789 8882
8971 233
3531 7287
7127 2517
5467 6471
3195 5163
9129 7002
8080 7937
3031 4742
439 6389
7424 5610
235 6140
4756 3117
2364 8268
25 892
3836 1464
382 8253
7876 5846
213 4963
1328 8064
7564 10000
1635 6770
5200 7993
9686 7773
1972 6398
6753 5609
8662 2696
8826 6993
4973 533
7381 9493
7604 1781
601 8408
8965 4464
4471 7385
5387 9993
1178 6996
3760 6409
5560 8230
269 9748
4850 6280
3468 1359
8701 9654
1363 9407
9213 8336
502 5116
3625 3184
8825 7791
8036 4029
7616 8774
1512 9721
8688 8228
2308 6428
5382 8070
6466 8465
5417 341
7659 1773
1327 6106
8685 8183
4642 8578
7682 4727
3949 7871
2810 8841
6118 8288
9252 8400
8299 6243
4098 7730
2975 1958
3555 8490
7684 4223
2964 2349
7250 8529
6552 4490
4793 2779
1553 7477
1379 6259
7812 8332
315 8911
5099 5149
5352 8216
9121 4589
4868 4261
7819 2608
978 149
9204 3191
8954 5209
4156 4560
2157 5836
1759 7265
3788 7146
4462 5598
2921 1704
9972 674
442 4581
3012 9969
9838 3901
8562 6855
7289 3158
5606 7613
3774 2458
2196 8422
6974 1627
9785 98
524 232
7333 2749
2435 5134
692 3636
6395 6589
9861 8920
3618 370
1581 2030
9712 344
6000 8760
5284 4727
2963 7301
4175 9347
7898 7833
9027 3961
6736 9444
3182 1331
2750 3855
9946 2800
1224 1285
7138 9159
7543 7548
6094 4872
925 3685
5968 5319
1397 6886
1820 1828
3479 6915
7871 4343
8843 8424
3381 5442
8925 3093
9587 2582
9383 9749
9027 8921
1663 5068
8717 4982
355 1673
1194 8523
8136 8580
468 8823
4020 3787
8826 6590
2452 1276
7446 9859
5388 9180
3088 1636
1035 2539
7761 2759
8509 731
9508 8693
665 3882
5705 9646
3358 3629
8256 89
739 4516
9321 6520
7229 2939
6908 7302
4664 5937
3597 9322
5535 2388
4152 1057
6950 5373
386 3485
1950 8936
9356 1076
8282 2434
821 9019
8223 2072
5467 2568
3261 6605
6523 8152
879 260
7179 6735
7671 3954
7812 2169
9082 6183
6018 9298
3575 3512
9670 9935
8089 9920
6853 5299
3670 1610
7941 1266
6466 6465
213 1282
301 9912
5391 5061
5273 3247
473 2031
9009 9010
4511 2848
5989 9824
1172 4665
3621 5979
2728 3050
3565 7566
6993 9461
4860 6786
5313 5745
9741 9986
9934 9841
280 9175
5405 8514
6600 5633
6469 1169
6907 2951
1474 7877
7856 3907
5623 1809
1389 8208
8836 6950
8458 4242
5024 759
1725 5657
1988 1982
9699 5786
9196 1277
4078 9169
1867 3435
1872 5954
3943 684
6056 8751
6205 7301
1233 5038
468 3459
3841 6856
4210 1954
9954 622
4819 7163
7190 7115
4053 804
8947 1556
2379 1539
267 7886
5284 4666
1513 8580
5602 6751
2098 5721
8348 5161
960 5058
2794 452
1841 1183
8476 3125
4258 6101
5849 9285
3838 6806
4198 8779
4788 7377
6984 9052
9200 7084
3353 5745
807 6814
7062 8691
6567 1205
8596 7040
4634 6841
8301 7677
9035 5514
7942 1226
6011 4428
2221 3301
2727 8501
4100 6077
4659 8945
489 316
9222 2542
7570 378
8120 1614
3386 2894
9159 2913
9 1976
1165 5896
4789 4703
3066 5057
8224 9477
5135 9569
9241 7182
8248 1341
2900 7740
4778 6762
3607 9938
8103 8784
2883 362
7802 4897
4031 9489
8622 3347
8929 4338
9979 2194
8837 2082
7849 2452
7384 2203
8171 7414
7054 9734
6646 2163
9168 615
7369 6787
5135 1950
759 6205
5946 6805
4999 1766
4583 1445
5279 5895
6211 9635
6192 4202
2172 1927
3384 848
812 4804
1024 8186
5724 6570
2440 5035
7758 5061
510 1259
9402 2100
5493 1777
9236 5216
6678 8384
4636 7436
7040 2603
1283 3257
4224 5541
8327 2888
4608 1348
9409 6910
2973 9093
388 9913
5009 8363
5873 4855
4573 4293
634 4305
3627 9749
4919 8351
3400 5279
2262 9193
9817 7347
7747 1990
9711 5865
5484 4387
2389 1573
5044 7074
814 1287
9944 7817
8011 1613
7520 429
3059 9730
4868 3683
5817 7896
7383 4734
5303 3749
9855 7759
2408 6482
7219 9251
7407 9998
9700 8682
6756 2201
7443 7946
8259 1802
3634 9755
3240 4179
6453 3279
9643 5052
9289 745
6380 4178
9418 610
9308 5636
182 3755
2004 2778
419 9858
4102 7522
344 9920
1243 3409
924 8241
2704 4936
8115 7400
3850 8634
7419 8252
9146 2963
4933 3704
9325 2738
1594 31
4530 7505
3889 63
6866 187
2568 8561
7764 3404
6205 8640
6292 4443
1054 3446
5149 7245
7394 8432
1694 6867
4958 9416
3411 4615
820 1551
7694 6834
7993 2513
8411 2402
2320 1963
8508 4250
7907 8777
8496 2815
4531 3232
9568 5337
7784 6818
6310 9221
6309 8226
1562 6240
3421 7373
2785 8165
2764 3431
4135 8284
7568 3491
8489 1597
900 41
3322 2689
3677 104
5481 6758
4595 9387
5273 8840
6942 2101
7582 711
2081 4357
7251 3387
5167 4644
7695 475
852 7374
6740 6294
7293 5227
9588 2446
6726 9065
401 7592
1664 6866
9866 6710
106 6409
9910 6683
380 3242
9686 2679
954 1823
508 3408
102 7774
3188 408
7562 5679
1921 5659
3716 2012
5783 7666
8770 2105
9323 6499
4313 7395
3079 1603
985 7877
3661 1604
9388 2267
7773 7155
5885 2907
6201 126
3868 1246
2821 847
4808 8
190 3425
3804 3305
5823 8432
352 6133
4077 7859
2227 5490
7143 6914
5261 3982
4858 3972
5414 5898
7955 3052
2307 123
3030 5017
4802 6572
1875 5982
4479 3185
166 5661
9708 6617
9834 3646
6795 3908
2398 5557
3557 2311
5327 9578
1808 122
5385 8548
6495 2313
4709 8476
6492 8869
4966 746
1215 9764
8301 6354
5647 4744
6296 3009
9642 1827
959 2278
4085 2628
4300 4495
7720 2118
2099 6348
6255 7184
9691 3263
1301 6108
7591 3244
1155 4001
751 9127
6404 8561
4058 545
2556 7862
9561 7158
4420 1329
601 9678
2958 8573
6228 1910
767 8540
3881 2125
5897 2724
3053 9210
6776 1532
1066 6561
3159 707
550 4370
1439 319
5139 1444
471 8619
8420 7649
398 3497
3230 6887
744 8557
4775 6816
7984 3201
1016 4390
8843 2355
906 6304
4809 3646
4127 3296
4835 6745
3708 1496
5237 7852
3254 4331
6762 8051
6629 9045
5766 4711
204 2347
7815 6426
4587 4252
4453 1593
9963 3122
8352 5708
190 7452
1652 1179
7601 8422
500 8875
2746 167
5819 4427
635 8652
1106 7774
5964 4574
6049 1996
793 2377
7085 401
5553 1100
1641 3132
4880 7325
8831 7145
9507 6025
3508 5775
5329 5462
6576 5659
8923 83
1083 2050
6750 6555
9872 2101
5894 8624
655 3802
8901 7910
6112 458
5133 4023
3999 7746
1059 5666
5888 8754
3342 7741
3495 7343
3454 8733
1616 1102
8838 9465
2179 8246
2412 3322
3916 4893
5161 192
5203 3697
6992 8501
1851 6809
6460 4985
4888 5577
4601 1933
5578 8078
2113 3068
5516 4710
5720 7885
1101 329
1219 7320
2124 8512
9099 2269
4288 4821
4170 9216
2779 9831
3114 570
4318 2414
5506 7705
7548 766
5895 6856
9506 919
3453 4267
4148 9515
6202 5708
3063 2758
6195 5616
4396 7676
2601 5892
6270 6781
2425 456
6968 9746
1211 75
2282 2454
4649 5864
1424 2155
1403 8292
9878 5699
3976 9088
6715 4068
106 3894
3215 6257
9136 8428
2993 8530
5584 5102
2706 1232
1033 4456
9555 2806
5830 6410
6778 9366
4885 3654
4359 3085
4531 7506
3514 4271
9358 3661
9540 49
2643 5782
792 8004
6914 2837
623 6456
1931 9552
1194 1886
5092 9759
3046 5456
7582 2801
3938 9467
9275 6153
1950 760
9981 1220
2707 9093
364 5305
4037 6254
6617 5974
4575 3187
2413 7297
8354 4090
6020 7790
9481 7447
7628 1676
4185 503
5861 6626
9538 9317
9832 2883
8911 8306
6187 5726
7765 2683
1380 9601
9222 6084
6176 8000
5015 3109
8134 8759
9495 7471
6040 7076
6768 3072
4821 2764
9911 2319
6383 7162
8732 4470
7945 1372
4582 5541
2834 7294
4896 9045
4304 714
9035 2403
5160 4804
7707 8745
2470 2908
8625 3063
2268 1596
6876 2310
6935 1082
2660 3939
6540 2417
9306 7673
2436 4794
3131 2032
5463 8179
4656 3160
2488 5142
5059 8747
7565 646
470 3453
322 3238
3213 5223
7578 6096
8907 436
4946 1099
441 5258
715 1077
1769 3988
4788 588
6965 1088
8325 243
9322 9363
4628 2259
6377 9156
8840 9173
2801 5551
6769 2470
380 2238
5104 3984
2698 825
6450 9535
7772 7143
9516 3302
6022 2905
7533 5071
2403 5236
1434 1230
9634 1600
974 4648
6520 9606
170 7951
1922 7182
7955 2921
3942 6720
3873 385
5335 94
8114 9375
3816 5528
9277 8700
8901 5269
4882 4253
7584 406
9198 5628
9100 5925
908 7415
6242 8904
9241 9674
1501 658
1778 1073
5511 1141
2852 6993
8692 8214
5036 7403
6856 7793
8000 486
4028 7434
4413 2593
7440 5030
4683 1855
1297 8626
6111 9087
2199 4336
7003 4643
8989 2860
5093 7940
7949 8455
9555 7162
1738 6962
6970 7993
6204 8751
2668 8659
4295 9028
5495 2374
9414 4643
9885 377
9762 6328
3833 1052
3173 6166
3374 7083
2511 610
2715 8835
7108 4492
9301 7911
601 4370
6278 2163
5283 2968
5832 3282
3093 9579
9189 7887
7035 1497
3301 6264
6445 5523
6548 2007
6103 5937
7861 2428
4311 1851
3431 1294
765 1656
5196 4204
3608 436
2068 1921
5258 2490
5377 5863
53 5804
9438 9806
4477 1676
539 4018
4903 6783
1494 2484
9404 5999
5953 3341
1148 1633
6607 7502
6394 874
2543 4164
2449 375
6157 8431
5038 5453
3974 7578
8911 9844
6321 4896
535 8052
3044 1162
5665 1607
3480 3660
5830 823
2389 6877
7017 9144
2646 2067
3894 773
666 1348
8326 4472
8712 1285
2608 3878
1616 4709
2330 8895
9810 2417
9512 812
3414 5444
1565 6159
8521 5822
268 4326
7412 1745
3207 8739
4376 3147
92 2859
592 5191
4539 7438
2819 1370
3844 8625
7528 1795
9675 2045
7544 7173
4581 6311
6730 615
6750 3444
213 2697
7881 9948
5339 3551
5000 9934
5066 3932
7688 429
4421 7255
4275 666
2228 8779
4080 4212
6457 2769
57 5078
9279 8292
4448 9369
6197 2647
3342 6646
8305 2090
7025 8845
4540 6657
5688 8369
7032 1161
7052 5935
9129 2351
1152 2129
7249 2876
7418 9036
6451 152
810 3613
2918 4637
118 9808
2360 7994
7880 2087
5177 1011
9186 2520
129 6566
1634 3897
8875 7261
8968 1888
5093 6887
3377 7085
4974 523
3630 4107
4455 5904
7083 4367
5595 962
3831 7802
758 4266
7789 1517
186 1167
466 6055
6525 5019
78 3094
3370 173
4773 4440
4705 3438
7473 322
1804 8659
3134 1455
1184 6369
4369 8878
423 4856
471 4323
5494 9423
4512 4354
4169 7604
1062 3682
2371 4562
7661 6090
4847 1326
1669 3773
6090 3512
5234 8572
732 7681
116 4915
6013 6755
8348 92
6813 7559
8948 2959
3086 1961
3137 8933
1301 8896
2368 3257
4602 7886
5717 8324
5539 9751
3582 7712
4217 1807
182 5695
3765 4377
2976 8055
9295 3814
3654 1658
4637 9840
9160 4501
5265 5344
1044 5197
9993 2247
7634 4502
2770 8527
1355 1127
6793 4771
8452 2364
739 7809
8468 1400
4161 4559
4644 8817
2762 7268
4348 3207
3598 5488
5377 619
5001 5958
9587 4005
3772 4280
1965 2334
3532 2661
5007 4802
2288 8298
4140 4556
9355 9701
5429 9117
889 6149
9014 4784
5999 8200
4000 3601
5246 4169
8318 1072
1234 4847
1861 4108
5253 4644
8774 8927
7891 1141
3527 8616
2118 5521
512 2067
2064 6355
5985 3715
8228 5511
53 3564
7568 4541
4038 3435
4473 1985
3974 2129
4793 8291
4373 332
5171 826
7174 1536
2907 5228
5831 6583
8367 7167
9214 7959
4448 3764
2918 8186
9340 6930
7705 4159
8630 6577
8504 4283
4776 4233
7351 3996
5929 1570
6186 7072
8985 4614
8389 9704
286 7535
1716 9979
8466 2055
855 6159
4402 5566
7653 97
8600 5634
8902 6089
9547 8871
4708 811
8207 2425
4390 5172
5548 1641
5988 229
7638 8673
8033 3710
8485 7035
6731 3491
1100 6761
4125 232
3436 1538
2128 8521
5809 7887
2528 6413
4083 2911
8419 1208
3590 3820
4570 6846
4382 1429
1356 2882
8409 5704
4485 5583
4678 8707
848 3970
336 4270
8160 2111
980 2726
7074 989
216 3721
7167 9370
5591 1380
3607 3230
406 8313
9589 1035
6938 471
8646 4516
7233 7969
9661 8537
1305 1699
9861 5812
1455 6038
5538 489
2092 7408
2174 6766
7670 6853
2872 1946
4110 3124
5370 9146
2588 131
1331 9897
2683 2011
323 8254
1684 2692
6420 6823
9855 4645
8934 5172
4449 7915
9340 2876
3187 1307
6193 8104
5373 1135
4496 5722
7797 8339
6794 2060
8212 2086
4531 1473
5306 2700
4429 2600
4910 589
6912 1939
7124 941
9171 6214
2063 3538
6335 495
4256 2235
6598 4913
7944 8070
1240 902
3875 2127
1480 8080
4250 4128
7967 5966
3693 1611
5423 4318
805 6861
9702 5681
3705 1008
7250 8270
1494 5305
7366 6326
5164 73
7555 3685
5825 2454
1417 2132
7650 6093
3774 744
6653 4954
7994 4223
1965 7741
9651 7795
7822 6996
1232 6210
2915 6143
7442 6639
9108 2979
3180 4627
1715 9697
3910 3403
2179 8043
8130 7073
1061 8712
629 3191
3610 6162
4878 2899
8602 5839
5337 590
3735 3163
8404 9191
4054 2241
2344 5373
2211 2381
6865 5641
4341 2820
5076 5470
5082 5386
1310 3121
538 4559
1121 5432
2246 4845
8449 1908
6873 1526
32 8324
8339 1558
4748 5358
7896 4076
648 4768
4624 1065
804 6132
8623 5751
9212 9188
2434 9394
2161 3933
4488 5800
5363 2852
9723 3093
5778 1362
8440 6277
5405 6564
381 5776
2504 2365
1134 6241
4342 8258
5646 419
7389 5541
6772 5858
2316 2210
2838 7694
2323 8137
6599 1060
1202 5612
3186 4465
698 8932
7226 2769
1355 1975
6391 2989
4748 6693
4730 4196
1478 7553
1840 7547
9903 5667
8145 162
9687 8763
9591 8352
3444 7478
4191 490
2440 7080
7330 3528
6596 7969
7138 3044
2894 4716
1249 3885
1171 8604
9901 9462
3699 4480
6793 7032
5207 9065
5686 8785
127 4009
3161 2612
7663 7300
8227 5702
209 2655
8988 1540
1118 2679
6558 8936
5089 2456
4327 9623
4436 4939
1894 8752
9976 8281
4889 6300
742 7968
3230 6543
3863 7010
4911 1044
8963 2855
3487 18
2278 2693
9974 7076
1784 9475
6905 9114
4107 9314
9312 4049
4736 4370
7850 3062
7580 2821
2406 1651
5169 5533
463 5755
1736 6808
3532 8536
9477 3254
6554 4658
8075 1077
1670 6640
9290 1810
8403 2211
3469 3574
6345 8515
7999 3726
8786 2409
2037 520
2295 8788
4440 1789
2509 5582
6420 701
6706 8017
1646 478
2079 2059
7497 7400
4215 1592
749 3609
8340 1315
6428 5973
4232 3798
7263 3490
7098 7973
1861 5478
9269 2844
1184 825
2894 2261
2165 7250
7076 5151
3095 6846
7188 4297
5408 5296
5190 8036
9580 4974
8810 5277
4545 3909
6989 3143
4172 7331
3595 8688
7039 532
3508 6635
6341 8337
7359 2131
2 4609
4791 5967
4326 4289
6543 2840
1409 299
1375 8063
6404 634
4235 5564
6213 3182
9496 6093
1351 2583
2235 463
3048 3953
1773 359
6020 3045
5516 8552
7040 1819
3013 2437
9720 4164
3719 933
3989 1842
1065 177
7297 1966
3361 9632
9383 4488
5157 3352
1130 6710
2116 158
925 3466
3353 2129
8502 4976
382 1215
8857 3422
4998 9423
5736 5372
5915 7662
2342 504
4746 1844
9418 2330
3969 464
5975 5684
4559 7182
4921 9638
3293 4483
74 5489
3997 9553
165 7317
4923 8667
1648 3550
8059 9658
5516 6397
7009 1819
3274 4008
303 271
8013 6365
3997 33
2274 3965
6996 635
1332 4320
3513 4128
7785 8840
614 7940
2219 3057
6748 1073
8381 2701
917 8332
1331 5135
4283 1017
1256 3663
8734 9479
4899 1014
2901 3866
7067 7062
3135 3516
5417 6133
992 6855
7776 9882
7625 1390
9112 1513
5812 284
6445 4572
493 6291
2074 5451
3796 8777
4661 8006
1165 4746
952 1389
8337 381
7456 4203
2406 3300
5543 9192
3812 9280
8728 9842
7442 7348
6559 6449
1158 3148
7229 9738
4804 5613
7139 4059
3396 2665
5731 3076
8642 2803
7128 9727
9756 6771
2526 5470
5778 2889
7176 7874
5296 9240
6326 4295
3266 3943
8864 3312
8602 3339
8408 6336
3743 5474
7824 2517
9540 525
7021 1957
1128 7800
7563 7335
5184 3152
5519 5339
5664 1048
1211 9450
4645 5631
8975 3104
1387 9994
5927 3776
1809 4524
6179 4987
2343 6290
3591 4787
3592 8528
3953 3706
8806 849
5291 9131
5685 2342
7103 710
1363 3271
1965 5820
3729 5759
9577 9034
6690 5951
9635 3471
1710 812
5216 4064
9986 5385
6331 2227
2349 8229
9692 7348
2577 8778
7817 3355
1482 7220
983 144
8558 1725
6289 8675
6525 5783
4732 6312
8585 2300
5190 5144
3373 6097
1871 1473
1961 4521
6594 5417
8977 9246
2247 6618
598 3404
4976 282
7002 1635
1667 7558
4033 1256
7317 147
2066 3182
9956 2883
1962 1765
5344 772
1329 4107
9530 3738
5000 8268
5877 8174
8794 6870
2755 3981
6233 7176
479 8892
7764 9069
9998 2114
6873 1897
8601 3698
4946 6620
2045 7796
2470 119
3317 5226
6527 1583
1789 6662
4328 9112
8667 9966
6590 2492
1261 6529
7339 8741
8609 8506
9932 2994
2591 2209
6878 8082
5176 8652
9466 6470
9133 4335
347 6550
1617 9381
6994 1777
5708 1181
2953 4833
6306 5735
699 3321
3199 4689
9151 639
98 1632
8074 2824
8868 2780
7433 2127
7775 8750
6464 2474
531 1282
4838 3445
5790 6708
3425 3651
4996 9684
3369 6944
8805 6213
7800 4064
6271 855
8365 3119
394 5024
4668 6508
6275 1432
5104 1968
1349 3793
290 8410
1618 4028
3742 6603
5612 9621
5234 4374
2897 9613
2692 7898
8133 615
1202 7704
2539 9249
580 9736
2243 1656
8514 3065
6109 7272
1077 7083
364 9264
3346 8161
1814 1178
1221 2074
1913 1013
6007 1273
5758 8528
4944 3738
6459 8912
4918 7640
9041 2970
4456 9456
2346 7271
1461 428
5722 4458
4464 4872
2315 3525
7819 8874
2108 5736
2816 95
4858 7392
1818 457
5747 2665
3028 4361
1286 2146
7187 1741
8270 5379
1468 2617
58 4982
4734 1078
7757 8361
5370 1709
9673 2410
1676 524
522 3226
7215 4158
7069 2255
9429 7443
9660 4520
4504 7386
2650 6371
399 4867
4501 5413
772 4584
8565 2317
4657 3617
1912 6143
6873 5457
8724 8544
8239 6364
4528 6764
2949 6725
1676 58
5318 6176
8259 9508
1515 9816
5340 2067
372 6516
8968 5006
4159 1341
671 9957
8303 7707
5392 8429
809 8063
8242 6065
6324 6512
442 672
3771 1308
9875 7806
7775 5945
5007 2681
2970 1715
5906 576
9352 6209
7438 400
1840 452
4329 785
1833 741
4100 3843
9582 8540
6388 8830
5725 7242
4515 9830
9932 4082
365 5689
6827 4719
9984 1957
8694 3500
6240 1431
6857 9964
1346 5190
6168 5667
4357 2748
3642 4503
667 5592
411 8462
4913 2566
5405 2900
5321 4915
7760 3457
694 9879
4425 63
8468 5612
6553 2658
8666 9629
6433 6991
244 6924
2968 9738
3252 8143
9981 107
1997 17
1616 1583
9980 1961
6884 6079
4983 4148
8945 4397
403 5814
2842 5552
667 1985
2343 8654
3664 3803
9107 5469
5768 692
5194 7663
6441 6801
4215 7683
331 6708
9123 8694
991 6535
8006 2078
8602 9907
5919 7596
4170 5518
567 6758
8775 8447
4884 3958
6787 9468
1288 4747
8196 4512
9340 7751
439 9075
2728 4109
4326 1553
9946 3289
5421 3966
1765 9160
4789 9109
6088 8552
7454 1305
7432 623
3113 948
3189 1295
5672 9025
6223 4356
1043 1511
4944 8761
8589 1147
3175 6216
432 8663
2202 8547
4385 4430
9019 2717
5802 7105
7547 1310
1053 7270
978 609
4438 1172
4695 1712
2066 8303
247 651
2611 9801
160 6798
2875 3182
8211 6003
8841 2602
1681 8904
1130 5826
4837 5370
3317 4080
3422 4889
5518 3382
7165 9397
2901 6004
7563 749
9156 2591
4794 9555
6321 3537
9076 581
3047 687
6415 6657
5756 1274
8396 1002
9862 269
7244 2912
1600 3624
4962 5050
9187 3570
84 6863
4593 4020
7217 4575
6292 4123
4030 532
1114 7424
5328 1724
1036 3201
3790 9805
2832 886
4024 9191
2892 7794
621 4389
1481 8417
1205 1115
5400 7073
6571 1111
3787 3068
1050 4242
4176 1464
2715 122
628 1570
9901 2670
2893 8490
3880 199
2488 2214
1750 4248
4035 4081
5033 5583
6935 4341
8697 2974
611 8488
6774 6480
4259 6606
3551 6910
2129 5119
2988 6066
2303 1118
7463 3703
179 4018
9545 2401
3117 4240
2879 8328
5114 2516
2903 9294
6367 7129
3838 8542
3632 1514
2596 8908
4999 2434
8812 1287
639 9002
6965 3675
8771 9487
8735 6207
908 2893
6454 1411
3353 8916
2671 5661
7136 5556
9151 1027
3767 3415
8574 6912
7715 7197
553 5171
1378 5672
6566 9692
2138 6719
8544 9707
1784 4293
2704 7330
7143 4
7064 2664
9980 7329
890 8343
318 7073
220 3292
7857 8736
392 7751
6353 1043
313 6631
4031 1768
4672 4156
5314 6449
2909 4702
6871 5613
7514 3606
2959 7152
7672 6201
6488 5204
4996 8776
5030 8711
2291 3147
2630 8221
2725 5958
3489 185
8347 1766
7907 1647
6883 1164
4018 7835
8834 8455
759 5141
5675 1948
1327 6089
687 3054
3083 5670
7832 4789
9867 3521
5427 7327
7422 744
9912 6277
5093 3151
2892 7730
5602 3996
6932 8942
9807 7202
1216 946
6204 7555
4076 306
2660 5075
562 3919
7661 6752
2905 6188
2446 7317
9307 1035
297 8582
1592 4842
3361 2203
3414 1425
7805 1043
3228 8150
1836 2620
7208 3483
3838 8772
8694 2761
5733 6282
6630 1682
3800 4843
1725 5415
8809 432
8445 666
9741 3016
9706 6817
2878 6673
5606 3294
9921 1446
3807 7945
8156 1510
4297 1336
1261 6348
1241 7918
958 893
8817 5969
8636 616
3085 5665
9964 2819
7963 8361
6703 8083
9180 8919
3656 2933
8194 8909
2441 8300
9516 963
1239 7630
952 9466
4701 8061
9249 3665
4330 8038
686 3693
5916 5759
8744 6284
6005 1251
9118 3069
3288 8970
8214 4427
6896 4915
1344 9596
3580 4517
3336 3598
1681 3972
8180 4641
9673 9611
7181 9171
5444 5185
1132 6500
3896 3022
8994 2756
1900 6313
7723 933
6019 6300
7987 6125
4227 8696
1187 4709
3027 8925
7285 5287
1991 7775
5449 5317
1960 1499
4084 9900
7685 8473
8079 7580
3818 5172
7379 5460
2902 2247
7312 2213
3434 45
9430 2352
4346 9807
804 425
6745 3689
7583 9680
7532 8937
4007 5771
4524 9809
1010 3040
8402 6652
3880 46
4941 3532
1001 1772
9692 6308
4654 7303
3519 690
4266 4780
5166 4822
7604 9746
2241 9802
2033 9906
5955 1831
9114 9750
3067 8834
3347 3631
8251 7154
2795 3163
4201 9218
8221 6552
6266 1313
3312 9475
1076 294
7840 7861
6425 3379
7621 134
3574 596
3991 1185
4820 2746
8077 6742
4227 8393
1158 7451
1071 8960
5126 9297
3775 4692
9820 2859
8834 4478
156 6367
8091 8553
9095 5273
2149 7967
8358 5271
2413 169
4276 9487
6387 4253
2131 6937
9678 5076
7147 6336
714 8082
3202 8447
4611 7806
3041 7220
7593 8714
55 2287
3879 9570
8394 1056
1322 5955
6182 4433
460 705
1977 7422
5372 9803
1474 657
3986 9042
3480 5612
2477 3230
5983 10000
4819 741
4010 5399
1302 7130
6811 1440
8817 9838
4575 249
1423 2781
2244 280
1809 3841
519 5467
8194 3384
416 5910
2730 895
1743 5602
4874 2649
1295 4421
2282 7694
8046 1528
3195 6920
4276 537
3186 2128
1563 9724
9369 9975
1164 809
8891 4299
8320 7672
1891 4040
2977 8724
8825 2019
5067 5763
9305 1692
2282 2070
6676 6781
496 3808
2264 9091
9985 5467
3238 5947
454 8794
3740 3934
7646 4978
690 1762
5703 8476
3821 7159
4053 3835
9709 3664
1301 7139
4124 9781
1295 9884
6707 1124
5106 7258
46 2463
5992 5811
4773 6831
2405 7560
3749 6266
226 9135
861 2902
433 9199
6887 6853
9604 9604
7540 4794
594 9293
1087 3195
6722 1276
9400 3959
6994 5275
9192 5141
7314 1884
1507 5227
1528 6086
4313 6518
4793 308
4262 5647
2981 4860
4108 5757
8237 7041
3400 1218
7506 8938
6203 7090
9434 8574
4827 9944
2320 5670
1797 1496
7909 8340
3040 6197
2370 5377
2702 7636
8610 9719
9856 8571
4481 8011
271 4346
35 2567
2941 6301
6836 9707
8029 417
1942 1924
3392 4892
7961 3416
8838 2412
8919 2325
9397 5213
2740 7
7960 81
5816 9905
1684 5464
6139 1803
6139 7622
1138 6034
5441 7176
277 2084
2053 3198
5675 973
1168 2914
5543 9158
1935 1892
2306 1414
7623 2467
9583 4147
8003 9454
8926 6036
637 9883
5935 3540
8601 5417
9997 5574
6529 9402
3396 2897
1956 8933
4225 3841
363 6723
7427 9834
5084 1383
353 8688
8875 7381
7827 4267
8766 290
3299 3795
6022 9052
4558 6799
4165 2772
9418 355
4331 4173
1064 7821
9893 5692
7439 3284
4038 5555
3026 205
8001 4993
1049 7385
2 4316
9943 433
9921 9875
6231 7572
9900 6997
1658 1242
3375 6687
6814 5081
3900 3462
9099 6445
2346 5199
683 1764
9292 3079
2579 1967
9727 8734
2722 7881
5825 3383
6044 3588
5492 1214
9647 2779
9184 343
8844 6672
2176 8384
4588 6796
4871 7334
1501 3238
532 8411
7979 6265
2751 157
8057 7094
1400 1651
323 8056
6016 9160
9119 9188
2109 4471
7204 7125
540 89
7536 5971
3621 8478
8190 4237
8526 4217
644 6210
7527 8141
2401 2209
9840 8390
3647 7939
931 7379
6804 6040
5134 3621
8406 1284
3296 3580
1949 1369
3108 4513
8827 3595
723 4156
2597 9622
7504 4952
501 1080
5791 2455
8099 4868
1922 9438
9444 173
4093 9
4357 9089
6189 4916
2458 3192
6995 601
7111 3327
3899 22
7992 379
897 3817
551 4443
8011 8162
9516 2877
2678 1171
6663 2048
5758 1675
7624 786
1283 5122
7518 5000
2591 7641
7515 8442
1286 7659
7684 5942
1662 5000
7734 8303
3877 4462
6908 5739
9890 619
7579 7546
7256 7947
9436 92
983 8744
1015 8026
3192 838
3376 1795
7482 3058
1700 4642
3579 9446
1340 7393
668 8517
8790 1490
886 1598
767 8414
8139 4047
1916 6273
5464 5588
9067 3677
213 3096
9744 4402
6211 5260
178 9040
8213 4525
5114 7991
1036 911
9378 957
7924 603
9325 1058
1231 2501
4288 5494
5804 717
2382 9739
7445 553
6436 7751
6375 3254
2875 3078
4762 1345
8851 8776
9101 3758
5105 9874
2099 5779
8131 4496
4942 598
645 7714
3225 3933
3825 97
9330 4421
8004 5107
6194 6292
3008 5285
9180 788
5861 7984
2445 1544
3028 1497
737 985
307 7509
8079 8847
5753 6995
6079 7889
8852 1598
9367 1472
4533 8087
3034 1088
1569 6884
7265 9968
1617 2831
4886 2206
7093 1523
6819 2773
4801 8504
5941 9733
8666 2335
2751 3833
6784 8325
3787 2168
9903 1220
712 5732
363 6966
2997 7070
3376 1206
3786 7564
9341 1956
5614 2029
9921 464
1714 5101
6667 8268
6102 7293
6131 4247
7257 9379
3546 3419
3875 148
8031 722
7201 4098
9934 5072
1709 4525
1573 1225
7380 7702
8040 8244
6685 6896
2546 6409
6839 3256
2470 8625
1506 1190
1626 3981
8912 4347
1252 9859
32 1447
5740 8303
528 8006
2001 4078
2264 1559
4073 4190
3028 7319
7660 7910
1118 7593
5107 9723
6906 3086
3634 6431
9733 9142
6105 7098
2056 633
4768 820
7288 3125
1701 6712
7700 9049
4837 8985
8439 411
9777 273
9044 1887
5344 4474
1117 9765
7262 6775
8462 5223
7065 5231
8750 4426
4998 9587
9656 944
1403 4358
5683 8988
14 2629
4254 5806
1807 1190
1416 7858
4069 9071
9046 7566
7391 9668
7256 1726
8128 5430
872 3767
9781 7308
8041 3126
4938 6619
9743 5112
756 2956
3675 8972
3666 1791
6569 813
5722 4643
4192 1858
5925 7639
2177 9275
1519 7491
6982 2578
5329 4815
7739 4338
6538 124
3371 2659
7879 6765
3937 243
9149 804
5683 6489
1772 9940
8308 1798
4995 9517
518 5652
9031 3855
856 7749
5370 2218
9222 3560
6263 3440
8549 2631
7275 4982
1340 8198
5384 7573
3667 345
89 2417
6692 8750
395 6479
9816 5146
6736 3650
7730 6182
7386 6089
6632 5376
8920 333
7919 4392
4871 6172
4341 7423
6455 2496
3491 5000
297 87
5509 6968
1080 5925
980 4278
4301 4927
697 5101
5497 4757
5619 9109
2261 5557
229 158
4295 5882
8526 2671
8689 38
4395 5570
8966 8060
6726 4282
7630 8498
5107 7481
7318 6761
9327 1379
9707 9504
114 1993
1838 9178
4873 5114
6825 2462
9547 3751
1341 3166
5543 1277
6224 8784
536 3208
2516 261
280 6779
2714 8668
1004 9189
7530 3731
1332 4032
1386 469
531 8513
2751 7594
4996 8245
4798 2319
7090 9761
4682 5068
3264 3933
1549 8214
9461 7529
671 7983
1199 9142
4500 6077
1118 1772
202 5312
7025 930
5584 9507
6154 5779
6456 4584
1806 214
653 4574
4858 4539
902 2669
1999 9895
1730 850
8964 2119
4838 8999
640 8045
8577 2227
1204 4171
5222 5073
229 5409
5087 3546
4433 819
2123 814
2550 2375
9739 7792
4161 6878
4876 9954
1951 7870
4631 3743
9909 165
4479 6275
6096 695
3497 3766
6871 9186
7541 9490
8965 9379
1523 7594
5723 1960
4831 9062
1163 1119
9969 6343
99 8911
5686 7218
9727 3721
3409 8481
354 640
4573 9713
4080 6668
7006 9698
2809 751
5920 2306
5496 3556
3955 8646
7332 2898
836 8925
8161 9191
5439 1539
8584 9305
4056 1514
2487 9915
693 9391
4388 3211
2458 9851
1341 6248
1050 3800
7539 7759
4551 6811
3527 9380
3834 1345
7464 8243
9615 482
5307 2992
5529 4771
4941 1784
9673 9289
6024 9439
6287 3216
5531 833
167 5535
2328 1204
530 7604
5264 6683
105 5669
507 9655
2936 2874
7553 1185
3868 9941
6853 2134
737 411
9817 2593
3513 6469
3355 9443
6793 5326
8136 4415
8745 8254
5731 9263
9231 578
5757 3589
4755 6374
9557 9837
852 6750
8925 5426
5393 1209
7340 3515
2580 7301
2472 5650
2422 7054
6618 8084
1063 8769
7928 4790
7430 1705
8740 8579
3488 4960
1654 4401
9878 3046
9270 974
179 5610
8775 706
4342 7386
6423 8263
6984 6314
8280 6212
8675 6537
6812 3018
963 9506
969 362
6556 7194
9840 4206
2130 934
6253 6788
854 2148
4606 896
1340 7907
8430 6299
7772 8197
9380 3251
3043 1164
8559 4087
6499 7555
3194 761
2709 8454
8807 3162
2024 2817
7987 6779
1959 8735
4868 9292
5040 4420
720 1758
3500 7244
4249 4184
6004 3905
6422 617
8196 462
30 4448
8737 3669
1682 1503
6911 5928
5063 3777
7375 2212
2717 8328
504 247
4145 4317
893 2525
6285 4956
4663 2134
6638 794
4685 8356
7549 6582
504 5014
5281 692
3238 7157
9713 6191
5666 3
4696 5221
2253 7614
6280 3535
5586 1919
8985 1791
6840 4563
237 1856
6973 3449
1877 459
4189 1464
5232 8509
8898 5077
5919 4738
6622 868
8121 3912
8879 2154
8686 1586
8480 100
2015 5873
627 5866
9340 1933
9020 1026
2580 1320
520 9149
4245 6299
1788 7089
1493 2859
6508 7949
5048 384
5420 4256
6027 6141
9491 7757
8456 4991
6008 4603
6543 7025
3609 3374
4339 8524
4805 3382
5639 9199
6839 7956
3443 6604
6050 2925
8106 7292
4618 7070
2175 5999
3636 275
9011 4444
6594 4116
644 2989
6725 7896
6129 4489
8064 147
9444 2355
1893 178
3239 8926
5976 9351
3769 3871
2277 396
1659 5981
1838 1606
1334 9772
6772 8040
5750 3658
2240 8442
478 53
7907 8547
2374 7843
4168 2039
5677 8132
6009 6671
5603 9531
5165 1338
770 9391
7827 1599
6664 1251
1834 7774
9494 8965
258 6470
3394 9359
3186 4876
6162 7185
8353 5797
6863 7133
5559 4661
4762 3949
1424 3809
4695 6536
6615 6306
261 8779
395 3227
9803 6376
5389 5027
1424 6610
9175 2278
456 2030
445 7822
1420 8737
7903 7443
2712 4121
6509 8195
7709 7417
4871 7653
8287 2703
1731 2977
8997 296
6535 6428
2385 5273
9708 7922
6539 6877
7015 9035
6294 493
6953 2430
1277 5691
2403 1355
8653 2546
8470 7871
6013 9768
1102 7961
4490 1574
1548 2083
1160 2103
6267 7404
8340 6473
4279 7921
1239 7216
4161 560
9661 193
1146 3609
4430 37
32 6906
8575 1077
2839 9123
3396 5641
4376 7469
2175 1278
8493 8899
1542 7544
4217 3375
2188 3296
6881 1947
1318 7318
8801 879
2191 9205
3517 355
1866 2517
3889 2739
2776 6032
7355 938
3178 6144
7240 521
1487 5031
7306 793
5729 417
5709 6746
3962 9540
1989 9041
9053 7970
4579 723
6178 9641
8869 864
3283 7803
1405 3990
6838 544
2958 7822
4053 6077
974 8680
577 2464
9011 7204
9986 6322
9224 6477
9861 4795
6237 6715
2840 4863
2839 1810
8101 1948
3806 3738
1393 8405
6136 6920
6691 3351
3973 3965
5404 5035
7256 4796
9954 9030
1627 226
2998 7948
5419 1445
9945 6039
1796 1454
2529 8609
1045 4616
5551 5511
4676 5807
9084 59
7483 8844
5520 7480
6679 7475
9866 438
6944 2186
2719 7123
4106 717
3322 3474
1676 236
4933 9563
1831 5005
9772 5948
8352 3797
7890 5561
167 2683
4311 7049
6102 378
6407 7949
9685 8368
3467 2576
2149 5496
5505 497
8326 6820
1945 1807
5326 7336
8816 9601
5282 6819
7855 6849
5499 1837
8935 9399
133 1621
2084 8216
1269 7009
1932 7309
6078 6202
8462 6021
9358 5137
9440 7681
3169 6258
3770 9654
9337 4177
6206 4291
9978 8180
8787 5180
4657 9804
6396 5997
2124 5015
4432 3797
1668 3892
8078 8003
8566 756
3013 4315
7211 780
6850 4251
2203 1713
8503 4118
1997 4189
1907 7480
2964 9550
6211 6180
1924 8340
1560 712
7361 5286
7956 8703
8132 4713
5224 8908
9943 8864
8364 6658
8439 5164
6895 967
7450 5708
3510 7155
2105 1198
8935 1205
2473 9191
4908 5943
47 6221
6444 1292
5605 5263
294 6870
5340 4616
3257 2367
7961 8783
874 7574
4971 2302
2050 8155
1482 1168
3814 6229
6370 7439
304 7113
4357 5870
1487 6499
4433 4725
5847 8238
8101 6457
7561 1419
3396 1790
9230 4207
3472 3649
938 1746
6856 7837
1982 4618
4235 7913
1830 6446
2488 8417
8467 4365
2343 4846
9644 1167
250 3763
4940 8392
7336 5444
6012 7824
4676 548
5987 82
982 1141
2328 929
6350 471
9581 5904
6678 6926
9332 3721
6450 3485
7064 2850
268 7311
6257 9669
4780 3487
2194 5806
4684 1192
5329 5972
831 7199
538 8427
1434 6120
9326 8991
1430 8122
6090 2059
1500 9475
2614 2342
1701 5091
173 8733
4213 3208
475 7
838 980
2018 4308
6248 2993
6606 4373
9702 1109
1468 774
8493 2596
1876 6610
5525 1606
8413 2951
4950 2502
3047 3551
7780 4157
9580 3637
2080 1150
7164 720
7876 7925
6856 5242
8832 3302
260 1858
8474 1356
1063 3277
5352 1122
7553 6906
9016 3896
2790 2752
5332 3914
1036 3951
5647 7671
6074 3602
1162 8524
8435 4107
3025 7311
9024 5073
2983 9247
20 6874
8126 6123
2719 7531
1229 5937
2711 6760
5775 4301
1490 6251
2027 6301
7721 84
1274 3423
7998 5306
1797 1488
4050 1282
9003 1018
8102 4907
8865 1456
6214 1937
3770 3259
7717 2672
9604 6631
2896 6789
1107 2843
1098 6900
4671 2244
3083 8888
5423 8518
5962 74
5901 2251
5098 6898
183 1689
9631 7089
7243 5929
8254 3861
8559 3356
6355 5257
5795 8917
6251 7929
5498 8948
9815 4600
3876 8411
9664 8103
4151 306
6709 1205
6110 15
3627 2527
5309 5984
28 699
755 7943
1908 4953
6637 1445
580 8824
6086 7375
4872 1463
2777 2955
7030 1083
7574 3194
8906 9982
9177 7880
7481 1415
4140 1645
3921 2286
2964 3380
6134 3705
8075 8425
7658 9238
8630 9842
9359 6868
4763 1320
2638 1627
3965 8769
6378 61
6720 7841
721 1740
9086 6283
7229 6867
3490 622
5194 9707
868 3096
8267 8404
6454 6675
9343 4199
5180 5951
6036 1314
890 832
8373 5641
1615 1501
9188 2190
4760 3718
4357 5968
1902 6232
4415 7551
1932 59
1321 1634
6767 4886
6764 2605
5325 5275
3459 9847
2846 6005
911 9392
9168 8095
7682 1806
1414 347
3616 4941
6678 1386
6838 3186
3644 9852
1695 7039
467 559
4845 393
3649 5818
7357 1786
1889 4656
839 9308
7554 1854
8442 4374
4210 4378
8985 3172
3995 9085
5470 5972
1493 9765
6563 7898
9865 5957
8069 66
6058 216
5907 6515
4620 4565
7065 3737
6196 1959
3414 9945
8635 9673
4644 6653
1066 8886
6074 3341
3068 9628
8127 4932
1193 2446
854 7229
2989 2304
916 3580
391 4396
3681 9741
5139 5459
1218 7309
5175 3572
5806 8158
6341 8513
8675 2169
8563 7600
7062 2730
7478 2285
572 6746
8981 4775
524 6695
9091 2435
6087 8494
8090 5535
8597 8370
5427 1901
9373 1547
3010 222
2794 3128
3745 2174
9044 5549
1701 7412
6496 3482
7853 6563
5864 189
7564 4762
4394 9137
8056 2668
1721 6198
4547 1462
9170 8342
4577 4229
7809 149
2306 1644
4640 511
4208 2884
2832 1197
4967 1701
3758 8540
7974 3547
6765 5181
6887 3725
7791 6797
9027 6522
6521 9112
9847 9294
1075 4479
7065 6130
6313 3459
4130 3492
5393 322
5755 4908
2087 4942
4492 5110
3730 7835
6521 7282
3270 2943
5990 8918
227 4964
4826 6670
7755 2285
5048 6322
9012 8933
3055 2099
6485 1695
9986 6952
1712 8430
5547 8221
9345 1261
4348 7536
8338 6074
1408 5548
7175 3168
9827 7565
6626 688
9231 1243
9182 6592
4661 4143
1561 992
4456 152
5874 593
5583 7047
9972 9607
9418 7118
9239 5024
4945 369
5285 4228
5017 4765
1021 1252
4356 6945
4804 3564
3473 9338
4513 2989
3677 2370
6511 2784
7152 1487
5690 7401
6834 8807
2407 7765
113 9158
8390 4996
9449 1710
4656 5199
427 5556
987 3315
2528 2907
5280 857
3719 2542
2808 8252
6065 7956
1087 7474
3341 9182
5296 4411
8033 2122
6938 7718
1821 2803
6383 222
7302 7800
6748 7422
9379 997
1710 9072
8680 7452
5244 1880
3236 8810
7594 2877
4187 7191
9079 2191
7122 1260
6866 88
8121 8296
2268 8130
1881 7858
9226 8368
8796 5998
666 7821
8865 2489
1381 870
2301 2918
7395 5968
9939 7510
715 801
8818 3947
9668 6645
1958 2501
7631 6137
7488 2945
2616 526
4667 3764
3092 7658
1999 8787
6613 737
7274 247
9906 2421
2438 2367
3586 5502
5312 3692
6218 575
3922 7552
1875 8857
575 6379
9643 9358
7811 3806
5494 6194
1072 2562
3015 8494
8906 7682
7330 8117
784 6629
7483 5687
2505 9125
5259 2618
4829 2030
6009 8888
4760 2557
1138 7752
126 3030
5084 25
1234 7106
9253 6873
2107 8354
4722 1450
3453 4260
8395 3974
8177 7421
3264 8040
8461 9520
9327 7451
5241 8557
1185 922
9873 1728
6482 4571
2231 3511
4998 7141
626 3876
4255 4127
5857 3778
8189 7430
9796 805
4990 2927
7686 7404
9605 5219
4759 5964
764 8381
2627 5084
7135 6535
7253 7273
7488 5625
977 3141
7261 6794
8326 2668
521 9519
106 1042
7128 7954
3233 6851
5703 497
7481 8968
8447 2464
5021 7521
5510 9558
8028 369
3942 8666
2714 7798
4516 1054
5909 9340
1230 7611
9696 4118
9795 1559
1278 1384
4320 909
737 1407
4970 2676
3649 7836
9160 5049
4193 1612
7896 1901
2075 493
3347 5475
4328 5548
2801 6439
4665 7330
5967 595
9716 804
2393 8488
7135 4000
4728 1149
7762 4044
2189 2264
1252 2474
5434 2976
5266 1092
186 6915
8564 9529
1676 4059
4292 8209
9483 6279
8726 86
6043 720
4213 7508
1241 7179
333 5753
9793 5197
6443 5302
6012 4328
7300 8491
6089 8827
2608 7401
1429 7104
803 1609
1547 8345
978 3891
7712 2161
5551 1307
1196 822
9013 4722
2018 5991
9852 1964
7676 513
5070 5866
6131 5503
9897 5524
374 2021
5224 8548
9127 1188
8837 8854
4770 3836
3151 123
6551 9250
302 2631
6069 4618
3444 66
5874 4878
4230 9601
3149 1339
369 3246
9826 234
7758 3741
3052 8820
94 3589
8794 9420
132 4470
8768 1570
5539 451
4181 4556
5090 8394
2847 2993
8359 4721
423 4257
2636 7967
7309 1819
350 7949
2518 4627
8234 337
647 990
2689 4977
1856 1143
9855 1720
547 9988
5147 4889
9973 8851
584 2126
8641 3250
3382 6856
8216 1148
4979 3158
4382 6287
8296 4563
8221 3777
6366 4938
5780 2426
8321 4428
3314 3146
906 89
9466 5853
6177 7023
946 9434
5655 2625
1662 2250
6906 5497
6495 945
4232 8509
6105 833
9670 1299
6175 8693
9071 8682
8153 5857
1018 4384
9881 6547
1804 1207
4451 9961
9774 9654
9009 764
4258 9319
1029 7871
2308 9724
1564 336
192 3471
1549 5851
3815 332
4471 708
6934 6131
2969 4734
1524 437
7379 6143
1492 437
6985 3095
5663 3628
7441 8479
1404 8071
9083 7938
2638 4997
5994 3836
5747 6755
1767 160
2630 4682
9517 4004
1093 455
1274 1494
4629 7334
4526 5189
5370 8271
7960 70
9273 850
4215 4208
8749 8509
8420 1112
8262 7382
8739 2623
8127 4506
239 832
65 5795
5080 8192
1883 5666
5151 8531
5976 1363
5430 5598
4278 3835
9622 8556
1336 3676
7363 3751
8300 4658
7839 9697
8503 9459
2860 4890
7507 3304
6577 5733
9846 5949
7587 6984
8853 4271
2655 390
9172 4226
6792 3078
52 1978
5327 4213
8942 5714
8340 9468
905 224
9906 887
1112 1509
7872 2199
4060 6267
1014 2867
8829 4602
144 3114
7596 5819
1308 9153
3964 6708
3014 2328
9332 1550
6788 1244
8819 5280
662 7677
1788 7884
2729 4962
3160 5120
5750 4975
5806 435
3543 1851
7866 931
5155 4994
2472 2762
8674 2389
2414 6597
1406 8915
2071 8948
8484 6860
3633 5827
7521 8850
6022 8289
7150 4872
7597 9756
3771 1911
4625 7185
2513 2483
4396 5741
7020 3965
4824 3500
1874 7780
7419 5240
4679 940
9028 9829
981 6926
8433 9907
6622 1567
1710 9727
5179 4133
5787 5243
1029 639
2289 8037
89 396
2590 9429
874 1853
2245 9290
2780 8997
7346 5752
3268 5388
3360 7387
2904 4799
7154 2435
943 7368
2030 1130
2402 2630
8750 8875
8817 2311
6535 4264
904 7349
3931 8859
8277 3620
5740 362
6442 3084
3751 2897
4916 6094
5668 4997
4972 2596
5405 6238
3081 4496
423 4267
6161 9262
3544 6312
2534 8901
6158 1771
1496 4769
8886 8841
7111 7702
8638 4506
7272 6951
7997 1985
8344 5322
3761 8180
3192 8792
335 37
7235 4084
4821 9170
4458 9590
5700 6396
8953 4885
3679 4223
4092 1972
5021 6079
8121 7836
3602 4968
5481 2042
1596 867
5052 300
5693 9885
6694 1860
3275 3053
4783 719
7742 6055
9292 5797
5180 2478
8137 4890
3515 5327
8259 8341
6466 7290
8571 2199
4971 2516
7065 5210
6533 8016
65 2356
411 4332
1440 6594
7861 8660
224 8084
559 117
2033 8350
8219 2413
8409 4634
6656 1550
275 3233
1105 694
3859 1662
183 5021
9730 2864
1671 1932
5378 8783
5901 6595
6203 1504
400 525
9777 5739
7626 5364
7881 4156
6314 9292
7126 4983
2174 6840
2788 7080
6284 7769
5320 3305
1665 5633
7521 2583
1742 3328
8390 6037
1756 480
9139 8975
5947 7692
1267 1353
4844 4435
4228 8392
1998 9917
650 5379
2165 4442
1591 3855
9569 8445
996 6797
4378 2425
2209 5933
1779 6453
3403 9890
6775 9543
5785 1328
9383 6615
7952 6838
9841 9172
5133 7643
1966 2410
3232 6336
3072 7403
2557 1858
2802 1614
7078 4961
9440 2464
1215 8645
2769 2504
3115 3027
485 4404
5689 9866
6986 6295
684 5236
5038 8858
1630 4737
1974 1902
5973 5723
5123 3583
3164 5692
6344 9820
3295 7155
2593 6507
7330 7082
4199 8988
917 4669
1044 9699
1278 8832
7229 8931
1016 9370
4350 4175
7513 5445
9103 6768
5000 6554
1629 2791
5488 4279
3314 628
7921 2072
7563 6263
195 291
7044 6452
3461 6016
3757 6362
3793 1358
9043 3088
9627 2163
8778 76
8661 6540
9279 3867
9762 9839
5681 7680
9470 3204
2116 3989
7587 6915
9765 5825
8850 1006
6182 7428
818 144
9826 1964
1439 8110
4003 8187
8938 8035
5951 1312
8690 3672
5942 6928
8275 1249
954 1405
240 6838
7920 8523
2171 6573
542 7874
2637 2095
490 6036
4453 4760
152 3200
7276 8388
2392 7607
9646 8292
4471 2902
2859 2020
3192 6082
7612 4985
1638 9013
9481 2870
6156 8262
2584 2176
7098 4525
2916 8838
2762 8526
5151 4055
7365 5268
1955 6296
1074 82
5719 3298
1322 7295
5421 1226
4651 6402
7650 5490
9718 486
4266 6408
4559 1988
5743 7565
2894 4903
738 4051
595 8247
1441 5261
3513 46
6934 9489
5824 4163
1561 1114
8309 7547
5934 1249
3521 4515
1631 2507
5502 6350
5566 9991
8389 8664
1663 2394
2303 3593
5323 3915
3760 5252
2549 5722
286 4800
297 7190
203 9906
9020 3213
408 1636
5052 1815
7485 4799
9863 6183
2911 3882
7409 7798
4999 42
5104 8579
3743 964
2743 6187
8190 39
3410 768
3864 8235
7607 7228
7224 7072
3668 3258
9944 9287
4351 868
742 1431
4535 1828
923 7816
610 939
2361 9218
8285 2890
9973 8380
7536 6776
4869 694
3036 7726
7873 9761
6554 6650
5651 1520
9810 7186
5647 1050
9633 1190
2801 1449
9333 8522
5878 1162
4998 7279
1668 70
6329 768
5651 5991
4784 143
3809 1290
9727 3945
9456 9574
6089 7747
1878 7228
9658 4441
7185 6959
3938 9804
8463 1089
5826 7819
1701 9160
9861 9411
8613 9585
2357 3558
1322 5256
2270 1957
7411 8120
6799 6057
6603 529
5219 4224
43 3065
7954 2170
1227 7914
2678 8778
6303 7872
6833 1682
1179 3992
8911 4182
8217 8660
4073 7437
2380 4187
279 9161
2983 1011
8455 2353
5117 6612
2409 2030
7418 9201
6902 3136
2604 2997
2342 9674
7167 3356
6515 7590
3586 3577
6816 1117
3983 5870
9559 2191
1863 7197
9360 8641
5602 9224
4037 5570
6941 125
9648 4049
5971 8211
5630 1106
1282 9481
8411 8738
3187 5084
291 7875
2833 7596
7071 6430
956 8121
6230 7600
5557 9750
4077 4686
5745 8014
2307 6323
8032 611
5987 5412
875 2399
5167 4103
8992 5042
2553 5859
7448 8288
1501 9048
4390 1287
9199 2213
9959 498
4614 1470
80 2362
5808 2692
5738 4713
4663 6310
5115 6942
8552 6960
7754 8565
4928 3862
5186 2366
351 8427
2262 6347
6612 4512
2468 9144
1559 5262
971 1693
7636 3797
6353 2161
4551 7217
9647 8566
5898 8873
1444 1256
5565 5495
9520 8304
3526 4984
961 1794
3524 3747
2144 6404
7543 6441
9464 4853
6099 6778
5918 9228
8158 6696
8008 4137
229 9116
7032 1925
4569 5331
7175 5403
155 8810
1896 8563
8571 7622
2935 3516
402 8361
1730 3435
9479 52
3869 6405
508 7802
7159 9601
7555 5450
2654 2188
7025 6948
6452 6685
4145 6505
4430 7059
8761 1586
1674 4922
4582 5388
6841 44
7850 9517
8054 1888
7009 7631
683 7802
9409 1061
7861 9292
2470 460
8806 6967
2228 5441
4867 3919
2951 6238
2215 9502
2045 8298
4399 9591
4280 1650
4084 1684
3388 251
335 9472
8790 2988
8202 6378
929 9201
3005 5116
8130 3466
8929 4530
8287 3794
8887 658
98 2832
5531 7093
2018 585
6858 2154
1474 2905
8902 6217
1441 6778
6573 121
6306 3101
5033 3915
818 7449
7575 4700
3247 7775
4768 8213
7643 6349
930 7094
6643 2551
7049 3117
3523 439
3829 9355
3064 5549
2888 2377
910 1086
1769 5497
1241 5411
6401 5367
775 8312
126 2115
4899 6797
565 2255
1869 6343
6885 8631
5862 9932
2533 4273
259 4179
2186 1618
6916 2232
7468 9662
8719 588
5252 8996
581 6960
6818 2461
4615 8460
8210 7217
8573 5699
7986 9847
2375 748
5774 4758
8129 3299
6411 5629
9981 6213
4318 6929
2489 2964
9034 8357
6917 5846
111 5907
7496 9505
8100 6134
2594 3735
2829 2590
7954 3372
2692 8384
2176 8982
9236 7508
981 4256
4352 3899
5602 4084
8115 3069
1771 8610
1210 3350
9429 7975
5677 4637
3117 9246
7868 3853
8470 9783
6756 1499
4865 6369
8198 1440
3330 2874
7485 9363
2448 1671
8575 6408
3639 5612
3319 3696
7079 1410
9192 7501
1113 3454
4129 5552
208 6619
5027 3629
4998 7841
3861 5526
7862 6382
6279 10000
5161 6107
2031 1335
5722 5434
1917 9215
8609 5625
6630 238
5774 1417
9889 6180
2502 9793
1194 5879
8738 886
3545 7367
4202 2917
5396 5479
4286 7094
7520 7673
9670 9325
4974 415
2688 1831
1780 7678
9467 2270
1147 1478
2745 4144
5225 5055
1623 5594
4987 9850
4040 2474
6239 3201
7985 3583
8998 8275
8293 3106
6538 8368
3420 1638
4052 1236
8853 6303
3780 4780
1629 7132
5587 3907
8345 3519
9135 427
3906 7676
3781 8774
1339 6555
7168 2807
2238 932
6025 8544
2073 3117
1937 4239
9820 1959
3995 3916
4052 2561
6924 3864
3716 1548
9334 7438
2505 846
1199 8339
3574 8960
3459 4739
5410 3880
8979 9374
2752 7574
1890 9240
725 7489
4500 6498
8356 8991
4661 9788
1602 3234
7722 9688
1147 2467
9794 2949
2794 6158
8493 9512
8696 9588
194 5862
6449 1289
563 6700
3595 5751
8046 2527
5215 5665
3581 1280
3598 5852
5986 3019
726 6939
9058 831
2320 3770
5877 5988
2902 7714
4003 3123
9395 1269
4629 1622
5554 6877
8181 7373
8961 1848
6266 9360
115 8811
6059 8720
3680 6005
1075 7901
1156 8244
9391 8404
6493 1573
4571 7447
1779 1786
5622 5907
9867 9344
491 9470
4290 7768
5955 3693
9911 1016
668 318
9770 2235
6725 4719
9680 1580
2768 7806
9133 5244
7440 9266
9131 2558
8501 645
9029 2848
7388 8389
6051 4190
2260 4052
7713 7544
5240 1730
663 2279
7216 8060
4422 4520
2502 1781
6594 6007
1292 8454
2291 6819
7611 8991
2314 9837
8964 9747
7944 7047
8769 5429
6931 4449
3323 795
462 5244
214 9364
6751 9423
9079 819
8905 3687
9474 9931
9776 5307
2617 1507
5790 2953
7442 3216
7413 198
3627 4142
9621 4308
6295 1668
4596 6360
5398 7636
8742 30
6197 7052
7544 5598
1965 3592
1589 3073
4975 7065
1923 5830
8862 5784
7090 3402
8227 4921
5770 7968
8123 7163
6876 306
8170 4685
8380 5968
696 4042
2192 923
5962 674
5679 1645
6273 2932
564 7381
2011 4449
7203 7198
3603 5794
8509 1641
99 4483
286 6813
3480 9820
9579 1033
3352 6332
4892 3507
5221 4733
4721 2223
6641 9670
5737 7237
9185 8545
6484 5234
9268 6298
2037 9782
5286 3338
8975 4205
3569 6574
6612 1469
756 3595
4965 4992
3119 6177
7165 3766
7039 2762
7402 1896
4298 5461
5483 6256
6270 9766
5994 7949
3023 2243
9060 1062
7198 6602
3093 8366
9448 9964
8870 5371
5135 9745
6555 9407
5323 4179
3066 9072
8766 8902
1766 1400
604 9050
7755 2732
3805 3394
1627 8332
3030 7863
7900 7564
855 7783
3799 9345
7578 5329
1808 9848
8187 9624
4187 6623
4187 4696
384 9741
9091 7360
5956 2816
1682 5292
702 659
8520 2846
3986 6248
4001 9581
5524 4926
3563 6128
2989 9580
2178 6260
4340 4220
4311 617
6207 2644
6152 3163
6190 5653
3676 5896
5017 2633
1006 2152
715 562
5807 146
4652 3833
8617 4343
6456 4541
8998 9110
7515 7564
6362 1418
3593 7245
333 8038
176 3048
5355 2038
1873 969
8658 8794
7145 3995
2516 8111
9736 3827
6346 1351
1911 643
1470 9962
946 7607
7922 4465
5110 5955
6486 4120
9447 4324
8266 3152
644 7953
6999 5737
925 7915
7718 2836
3308 1733
1080 7492
1142 3266
2885 6246
61 1995
9404 6571
3984 5550
7343 669
2784 6347
6290 4799
8415 1236
2132 1923
698 8037
4577 6512
4518 2449
7514 300
1937 1553
3878 6117
6777 8444
3977 6422
891 171
4773 4453
9159 1702
2346 3432
9653 5099
3577 4865
652 2367
6973 2421
8417 4726
8389 3035
1830 6820
3617 5115
2203 2576
1760 3977
5962 8798
2412 7333
8033 5221
6526 5919
8272 4936
3027 406
4031 681
5379 4523
9500 6866
146 8994
6568 4422
3009 5053
4554 4421
9599 2882
7549 7803
9642 4487
6267 5328
3053 8276
4128 9728
7024 9906
5136 6441
7247 4190
1245 5844
8942 1664
8737 8794
1206 7590
1125 6237
9766 402
377 7197
7789 7775
5441 2951
5817 9501
6790 6920
3446 9441
1610 8614
3685 2478
6191 6698
1273 4603
7654 87
6063 6392
8572 779
6790 1618
207 100
2032 7098
4949 8287
7037 6443
6437 5570
3568 6670
3560 6714
1829 3321
8124 4294
8810 8927
6071 1394
7377 5409
1075 7127
3787 3056
7210 9772
2310 9480
8884 3699
8988 9084
5893 8441
9924 2652
4047 1288
2145 7584
9480 6210
191 409
5221 7720
3554 4716
5397 4917
5818 6585
7105 7341
1701 4464
38 2846
4679 1823
7741 1514
2699 2899
6855 5335
8924 7253
8526 8191
4522 2219
7212 5816
4847 187
1243 8193
6150 3244
4827 56
9343 8758
2864 1302
9506 4634
9385 4020
6192 2492
1845 1298
7228 9818
9268 3064
5719 3078
1020 3186
14 7499
871 2897
8163 7294
1312 6240
4159 3692
1677 3971
1382 627
6830 7939
9169 4209
6 5877
9481 2337
1874 5880
4707 2983
3693 1239
6313 2106
7447 1413
6256 4586
349 576
3250 8269
587 1598
6533 9190
1948 4460
6380 5327
7520 3557
9445 641
6774 3469
8828 8582
2176 3752
8615 4727
9105 2209
8328 8952
9499 9290
3915 4865
8862 6836
5457 5586
5680 7979
179 9303
5042 5171
1136 7522
4105 6320
9433 5921
1801 2248
6181 485
4538 1934
758 6357
3932 8321
4945 8189
9221 887
7993 2899
1234 1643
9263 4648
9161 3155
8982 2218
9491 5266
3974 4136
3660 6498
7662 601
7417 3965
1074 4773
9251 5686
7850 9055
5014 5458
4729 3807
7077 9818
9056 4352
4382 220
7691 9409
7144 768
6358 9056
4401 7408
7228 8293
7913 9848
1583 1141
104 7406
2735 6077
1964 4063
932 6665
8410 2784
2175 4592
3592 1732
5220 594
3398 8576
7954 139
5491 1034
184 7292
2470 7793
5098 6642
6757 2449
8536 9396
469 5926
2124 2135
47 634
9807 8621
4952 8140
3464 5265
8147 8632
4622 2102
3693 4960
7395 6233
2710 3508
8176 5896
4081 184
8351 4032
2737 8044
7135 6302
9565 1028
9426 1235
5906 3382
6973 2557
2498 6045
1337 4455
9090 8547
9104 5325
2050 5350
8712 6924
4869 6237
554 7175
5110 8912
5978 9263
1886 8611
1621 8754
2807 4796
8914 2410
2884 8481
3508 5622
2640 9563
8624 6720
5491 4100
7551 7915
3296 7745
3124 2823
1088 8675
7889 182
1626 8827
7602 2004
1482 3223
3679 1575
2178 6809
1884 3055
1457 8582
6033 6718
5841 6565
3549 2923
7043 3186
958 7464
540 8534
11 8367
8954 6472
5970 583
4247 8201
9598 6242
4897 6298
2154 4379
6140 9991
427 8888
4676 1918
141 4939
818 6452
6636 2757
1132 2310
5162 7146
3591 2286
475 5465
5316 1477
2020 6417
5035 3207
1058 4395
9542 4163
4420 7953
2181 3013
6524 296
2033 8518
1440 5102
3365 4550
6494 9601
6010 7741
64 2839
2499 4372
206 3215
1648 3145
8840 8092
1372 8040
5104 1350
1244 3426
9027 6268
116 2622
5635 4101
949 858
8652 3218
4879 1386
1071 9014
4827 2291
5557 2042
6811 2986
5916 7077
9701 1350
3806 3789
3869 8165
9316 120
5394 4740
4320 4157
2501 9220
9711 6373
1448 708
1343 9320
7520 75
7774 1086
8187 2229
9139 1166
8567 8923
7785 8819
2626 5481
3551 9580
838 1852
600 8445
2465 5480
9465 4252
1739 400
3898 9046
7912 3539
4241 9372
9309 5207
2969 6415
409 3037
5908 6311
8202 7180
2231 4925
4200 1109
5845 4762
8219 8588
5502 8096
6734 7154
9273 9887
8656 2464
9351 9736
2991 684
3680 1588
5236 5977
4939 2037
2040 9926
2343 7433
9492 9734
8033 1159
3908 6248
7792 902
3399 446
4803 1775
705 5494
6566 3668
1418 3841
8110 4291
2873 770
8050 4125
8789 755
3797 3019
7469 7701
294 3469
4295 1460
5750 7571
6441 8034
7514 8012
3895 9648
1603 9463
3655 7645
5937 8040
1748 4828
4989 8652
2915 1164
6642 8065
3881 8647
9834 4025
9637 1210
6911 5938
7139 7253
1041 1781
9905 9473
1512 8101
8861 9527
4021 2107
6547 5526
497 5971
6829 4193
2805 1279
4726 4373
6173 1312
9871 6403
3304 6793
636 2417
2955 1505
4780 152
9658 2434
7906 5199
5255 6327
4469 3994
1445 4264
2679 2842
7037 9647
7101 6287
7337 7877
1320 5196
1497 7230
8606 360
7070 2240
3415 2344
7400 8313
8864 1545
8256 3065
4725 4853
6722 1149
6556 6184
1777 6833
7461 2136
8335 205
8886 266
3503 889
8742 397
4157 7414
7048 5673
3438 9271
5683 2008
1447 124
6738 25
2420 6903
2018 7151
8040 7778
5893 480
3917 9309
937 1832
2679 5932
2101 565
1153 2020
3277 1054
3612 6776
6395 2116
2580 3810
4508 566
688 6683
934 419
1861 635
4325 1703
2680 9064
7303 5282
1731 4076
1070 2898
7429 7179
718 5794
7717 2182
6771 4842
7508 2428
4961 2885
252 5783
5470 8559
1663 3713
9506 2270
2387 384
4941 2261
1712 5405
1245 7236
2615 3869
2922 9519
2647 5388
6557 3225
1349 4166
7057 258
1618 9781
6409 8814
2786 5879
5242 9156
4901 3460
6428 4536
7162 8935
3032 1757
9614 1326
8291 7590
2636 177
8857 1212
5463 5130
943 6840
8281 4282
2719 2328
5339 9504
1349 7562
7930 2036
5460 350
5801 6188
9062 86
8678 3609
2401 5964
1054 4642
1240 4833
3594 1861
4309 4404
1186 5682
6302 4034
3727 5001
2516 1043
7776 1999
7199 8218
4935 6512
6379 3037
4090 9423
5648 6304
5176 6744
3157 2781
9893 6604
9169 8820
23 9249
2964 8730
8989 3342
1864 2234
1825 7053
1234 919
4576 2427
3722 1080
7360 9333
9871 6761
1501 7658
4450 957
7480 6204
6864 10
575 8218
2517 4093
206 665
8874 7247
3564 570
1051 4902
4999 219
854 5719
1490 8423
1450 1126
6917 6402
8506 343
9335 5437
1723 7748
9189 8357
5338 5391
9529 2977
5576 4453
1838 2460
3076 9769
6277 3839
5046 27
5454 501
2721 3989
6505 9019
7537 5101
2783 604
3648 2723
6953 208
3861 7959
5203 2950
5465 4318
1409 6062
8115 696
3574 2562
8509 3156
1330 4675
884 9666
232 8426
8486 5215
310 7142
8350 8441
9547 1463
7048 7829
4975 2782
426 9060
3150 6002
4252 841
6866 2234
7197 3389
5667 3388
2739 4852
6251 7530
8400 6858
8761 3934
1961 8456
2351 3284
3210 8250
7351 6990
2616 1358
1223 6015
7832 3420
915 7602
664 105
40 7424
4513 315
536 7303
6887 2283
679 4660
507 9896
2123 9777
2699 1845
7757 546
5756 829
680 5812
4203 5472
3535 1627
9208 7380
3845 8814
2751 531
6377 1847
6653 1589
4260 8748
4095 8546
962 634
4384 303
2006 795
191 1546
351 4696
5153 741
9561 1124
2199 6472
9274 3944
309 106
8792 2795
3359 922
8267 318
8520 604
7221 8007
3020 2655
6640 1199
2874 4345
6195 9552
8970 1813
3802 5747
3065 9054
6533 128
7966 9882
438 3405
8250 2533
8028 5591
1162 2540
3241 7485
6623 2753
4676 3185
3237 5736
7198 6859
6628 4605
9321 9561
2862 6808
2217 7294
5729 8915
1715 9971
6211 7784
8029 8651
4667 970
135 4739
2028 7872
276 6244
4452 6001
9975 2748
7160 9966
1861 6281
60 7256
1303 6779
8256 2394
4831 1985
788 5751
4146 3212
2831 6843
5593 3331
1081 5175
4017 3300
9857 1081
4966 8175
5076 2561
2453 7766
7093 8246
51 7859
6198 3458
2194 2099
6007 9412
2493 7627
1036 6409
2456 8381
6996 9578
5088 3673
9848 9347
7428 4680
9816 9419
6618 7845
330 1408
6711 5680
4980 325
3482 8694
3119 5631
465 2913
4656 9841
789 1148
450 7650
6693 6568
7750 2837
9025 200
1599 9454
669 4105
5187 2161
5438 6103
6232 9682
2498 3448
876 1872
4351 7980
917 3865
3226 8591
6454 3742
3560 8079
214 9723
4021 7014
6232 2419
5763 9190
7017 878
6811 4379
2451 1208
7110 1817
7517 4452
3384 4895
2653 7882
1991 1493
5535 8073
1006 636
7487 7742
3322 7465
2838 2581
128 1532
9724 2604
3869 3615
4635 1883
7021 8868
7538 5096
2798 3690
1401 4499
1462 8334
5650 7480
6053 9604
4294 6283
4324 7671
9410 5157
4141 3155
3818 8054
9302 4208
3139 6659
9 7494
1741 9521
9552 5219
5407 1843
1036 3545
7414 784
6625 1232
1497 7327
6950 1145
3628 5059
8386 6421
9528 7502
8260 6768
7288 1179
4311 4512
1136 4576
9198 2961
3018 2475
8384 666
831 1605
5323 959
7072 7978
3215 268
5660 7405
255 9804
1151 8035
266 2607
4087 770
3542 5829
3408 4663
8320 7398
66 9201
8864 952
5625 4233
2166 884
6883 538
2226 7544
5268 2113
6261 257
9228 5261
342 9956
917 1386
215 8588
595 3788
892 108
1762 8024
8891 7445
6118 661
8557 5371
2849 8137
7780 2443
2279 5064
735 6084
9705 7112
4130 6881
9507 184
854 5735
5024 6722
855 2531
4240 7019
8644 3931
9708 9982
6494 1202
6609 7939
8758 8346
6547 8263
9463 2777
9652 5415
5643 5202
9403 9217
5790 7593
7141 3838
7885 8669
5612 3434
1644 586
7410 3800
4480 5145
1974 7586
4254 5810
9460 9116
7953 1715
2392 3751
988 4582
7520 3331
8335 1673
6708 8389
6348 3628
8309 5248
7056 473
719 8274
2567 1188
5113 1460
2447 2266
6737 8636
9660 5051
3451 8252
2875 6432
8577 4362
3305 1254
9542 2281
1571 531
9046 853
8995 283
5226 5489
5888 4923
2634 6082
8738 8802
8110 9633
3537 3318
6698 7541
9348 7397
1165 3873
2079 7805
3081 2520
2795 9183
6079 3445
7678 2657
8150 362
679 7270
7148 4352
8566 1896
3369 1269
614 6767
4372 6863
3902 5195
7622 4106
9364 5473
5011 5349
6293 2311
9125 4693
9782 6730
208 1814
7704 7135
7578 8881
648 3916
741 5862
46 5026
8987 8529
2074 4813
1371 1134
5076 1714
7488 8861
5227 8431
9052 7894
6568 7523
1195 1174
6784 1617
1560 629
9423 8480
5055 85
1510 9754
460 6456
7349 3708
4572 9874
753 3371
5332 8791
7399 7211
6230 8279
2434 1705
6586 8004
5147 2036
3305 2194
8827 8444
3992 4220
5833 6698
817 8584
7198 3987
9810 3556
1312 7328
3219 4969
811 9144
7731 3234
2663 184
6109 7116
6635 7366
2548 235
6225 7611
2217 9917
3934 9545
5482 1881
2501 8154
1323 4544
1777 883
6085 5363
2146 5701
7181 409
9684 7827
8147 5359
6084 7058
7193 2511
1919 8653
2192 170
7442 9027
7816 5708
5927 966
5919 857
7273 6035
8289 6974
2133 2297
3768 8198
5995 1897
6736 1462
4743 9066
8381 6046
7169 3342
4442 2826
8490 1309
7204 1602
3311 839
1380 3338
2724 3453
3994 4986
2720 5203
9791 6912
487 5455
2610 2059
7656 8388
5414 6963
6417 8717
2998 9796
9346 320
2262 4968
5728 5221
3072 141
8449 4991
7788 9367
4660 1637
4545 8686
561 3564
330 5287
4293 2711
2163 7175
3728 9750
6554 5
7980 964
3489 5246
207 5940
3597 5576
1594 9563
8938 6371
9407 1649
5739 1082
5728 2420
5246 9878
9056 1553
5426 9126
6955 6415
2400 3147
4063 8375
2726 4985
6248 6804
9470 7208
1257 6697
2157 6928
378 6723
7068 8791
1698 7985
5659 818
2045 3043
1296 4670
5869 8636
7871 2537
7744 2858
8738 9213
4293 4661
8819 8857
9259 7991
9649 2172
1697 6757
7036 2038
3973 6077
7970 2519
5267 8688
447 6963
9674 5958
835 8224
3571 2528
1380 7605
903 2561
7714 9403
9441 3885
1468 4790
1028 1788
1832 5086
9578 7962
8161 1296
6772 2651
9905 4224
9100 3737
3012 6166
7201 6621
6239 8758
4607 5378
7420 345
7206 4246
8456 8528
131 3028
4894 9847
5135 8807
2418 9561
6451 8933
9277 5934
9580 5682
3281 1066
7876 7817
3972 782
5578 7488
8558 9721
20 8523
8175 5347
3296 6962
5712 4682
9052 5923
7124 8720
7329 9462
6598 7520
1575 4869
1642 2374
5614 9254
124 9354
6245 1180
8196 8126
156 9833
4150 5590
6290 5129
3172 4544
4601 8175
4179 6578
7839 481
3880 1509
5921 6992
221 3459
9738 6647
9390 8660
6135 8352
6099 6084
4951 4699
8607 8222
3309 4771
4421 8672
2113 2018
2638 7463
5794 9408
4360 3566
5404 3978
1884 4787
1661 4080
4519 3467
5442 6119
5951 7114
5091 687
3213 1144
8024 3828
3625 8627
5520 6509
9831 5330
306 500
2135 9152
529 477
4082 2094
23 5414
1237 6462
827 8148
5377 8123
1434 6340
2254 467
8869 9657
641 8722
7542 4637
3107 1574
6469 3050
4489 9086
5865 8386
2516 3766
6419 3099
7839 5207
8123 2160
9655 6709
4468 4952
9734 1328
1249 2071
5852 8537
6855 1615
4164 4748
3382 1542
8518 1314
2817 715
7243 8327
2023 789
6959 4295
6066 4932
1291 8805
9124 5829
4661 2922
4942 8602
2027 8554
879 4702
3113 7701
3965 4647
965 4360
7976 2066
5163 4384
74 3960
5305 5769
5173 8080
6680 5213
8527 1411
4142 4936
7808 4937
7480 6569
5712 4366
7648 3129
5861 103
4375 4053
6037 2816
8482 2421
2048 4504
6873 3364
4751 3188
5668 7232
7747 4052
610 7728
6647 1426
6730 2306
7664 6618
1610 5998
9257 386
1304 3953
7183 5225
8768 5032
7499 6588
585 4425
4675 3758
8767 9967
6505 8030
7517 4985
1035 9353
4942 6520
6267 2368
5350 2251
4417 7466
3519 1766
3907 9581
1589 7607
2958 1044
5634 3240
9828 1662
4512 692
4129 8989
1088 3979
5675 7311
3894 176
1189 3564
2746 6965
1734 7582
3095 7567
7635 6967
1357 9373
3166 2602
8384 5086
6635 4826
4930 7994
6425 8419
4897 4263
1981 5289
9050 536
2884 1255
8979 6431
6922 1612
9836 1978
804 2306
4246 9918
6109 6319
3141 4318
1128 8741
2092 6639
8031 2966
1023 4373
969 6138
262 6618
3517 1373
2869 7126
8256 6736
8522 3400
7469 182
1439 2170
7316 1046
7250 6334
1731 9952
3082 2804
5397 958
2363 1792
3820 5841
5533 9732
79 807
3779 5860
448 2533
1577 4674
2969 8541
5332 2070
719 2016
4327 2506
447 1627
7584 7634
812 7965
9457 1245
3250 423
7592 381
5760 3516
6678 2077
408 3330
2446 1642
3097 2186
9021 9764
3387 2509
8181 1763
4673 5730
2017 2653
5564 7063
6529 7716
3254 6949
2674 99
8469 527
7009 1482
4838 6660
4849 3228
8905 1596
3989 7960
3641 6278
282 5190
9222 7655
346 9301
7056 345
7945 8233
9095 2709
8155 3650
3341 9168
5699 5424
8372 8662
9856 6476
4598 640
6689 5412
1370 2946
4018 773
798 1288
3577 1926
3781 3369
7732 8397
7131 2647
6787 4031
2346 9526
8105 7016
2298 3428
1067 3479
5252 1917
5355 4807
6178 3842
9120 8910
6130 6163
1355 645
6199 2415
4070 9253
5247 2416
8264 8097
149 5455
6019 9396
1997 8799
6292 4330
9958 8411
7378 4296
6219 6850
3183 1537
3465 9764
2284 1031
9070 7317
813 3447
3112 9489
7386 1955
3535 772
7884 2458
7171 7682
7316 2412
7776 5168
5510 7957
481 715
2523 335
5238 7268
7696 3499
9058 8991
9463 2468
6842 2764
8614 1005
8937 6979
3473 95
931 2318
8640 1027
2589 9864
6866 3281
3681 2242
3802 4136
2199 9237
8551 5295
1036 6715
5030 7142
9842 5756
7020 4457
5298 9732
2980 1522
1849 2200
8149 1759
8818 380
8350 4969
8268 1160
5402 9244
9183 643
395 3520
5046 2943
9687 8759
9770 204
9768 4541
2829 7759
7014 5757
1179 608
1781 3340
7060 4848
9933 7751
5679 2344
5543 6826
5874 9088
8695 1479
5903 7353
7535 5758
216 4960
7432 1809
2954 7030
9526 7815
6867 7523
8299 5667
2065 7120
9698 7695
5882 3544
5161 3332
3990 1765
6680 1914
7554 785
1971 101
260 19
7063 2418
1044 4268
3882 291
8237 4590
1133 6840
5445 7517
683 9166
9007 4587
3264 8270
6798 7770
6514 1091
2458 542
1223 5302
7379 1979
5776 4775
2759 3591
3679 3008
5659 8249
8980 9093
8758 2832
921 8110
4886 8815
9141 6665
3875 2204
8937 1886
7096 9425
6586 1661
9517 5000
2096 9043
1775 6843
6065 9921
3930 3461
7831 7450
207 6375
8924 9279
781 8901
5350 8532
5208 4837
8301 8232
8995 6905
5394 756
7190 4108
9180 8636
8287 3389
1110 1922
41 592
8728 2145
2346 3993
4841 9528
3783 2342
2704 7152
6062 5671
7479 4539
4415 5262
8774 1446
3084 7983
1026 7326
3772 3117
9767 271
3924 2684
8744 3009
6732 7209
4561 1258
5849 6286
4411 5920
6727 3864
4164 7750
4031 2756
7888 3418
487 9347
7683 8490
5474 6197
8311 7264
7086 225
5418 8540
9529 5084
3181 2352
5833 4714
3550 9587
7677 1998
2140 9788
5067 5745
5427 8109
1408 8721
6514 3511
9076 78
3938 2921
8178 7929
8877 7208
2744 7242
5745 7621
3864 9519
4943 2220
1480 3093
3270 808
4328 7515
6204 423
8784 2794
4401 594
5751 403
1212 2656
6684 4246
9910 9579
3025 9874
2419 7174
9985 5619
5108 5127
939 1361
2705 7606
1962 3176
3030 5017
5229 7198
5019 4804
2498 6755
7726 994
3230 8946
5135 3415
3109 7946
1774 1086
4804 223
8765 6238
1455 7636
615 8233
3927 6990
3885 2914
3187 5912
87 8351
8323 5486
8820 6182
6794 110
9963 2755
9999 6163
4058 4650
7654 9634
9712 1840
9215 9227
6802 4642
8626 6022
5382 4846
9733 3725
7786 6289
8713 2425
1230 8062
6189 2085
4742 9220
6218 4667
9420 5366
2140 2337
4221 2870
3144 5755
9448 7974
8540 2813
3361 753
3289 5880
2918 8244
7162 4664
9538 4165
4415 5933
9338 7208
5096 1147
6442 6670
8201 7621
2075 913
110 1563
3294 3610
1431 9155
7222 1840
3303 7760
2465 9871
8600 3896
9481 8808
3257 8212
7501 292
1558 1507
5713 9290
8776 1504
3071 1636
546 1328
8597 1109
2083 2732
6651 1830
1762 4138
150 6153
1489 1869
8077 2844
4758 5138
6215 8768
4761 4373
782 2378
1153 5201
3120 9713
9719 2165
5769 4614
4993 6804
7625 6126
4770 1840
5640 7815
7877 7879
9658 7428
4622 5248
45 5957
5789 6284
7441 32
3776 9307
1661 3990
4921 2531
8470 7381
279 4298
2154 4650
8529 7448
7269 3516
3157 6418
665 3554
8129 2602
9661 5900
6413 4735
1710 3896
589 1541
3784 3884
7097 3309
8337 5393
1073 3756
7911 1001
446 2294
8087 48
5220 2183
5317 5614
2875 4875
4362 5862
626 4597
2877 6762
1820 3681
1907 5950
7824 8806
3938 8847
7215 7340
4033 5839
7226 6017
6357 1711
1437 1737
2616 5959
9723 8690
5267 6690
5167 8470
2671 1348
4916 3000
6976 1219
4112 3594
227 7837
5950 1351
1971 576
4270 6708
7651 9179
2716 3519
6113 9729
4030 1318
9973 3596
4536 6122
3836 2015
8602 2478
8531 6758
3297 525
7955 5581
6440 3859
6635 6648
4414 1578
4721 9753
1187 7694
1716 521
5803 7263
9689 4352
2713 2868
4317 8591
7865 268
6617 7409
6794 8934
5605 3676
8774 7537
514 9523
7143 3820
9994 69
5172 8360
6306 8261
9736 4350
3419 9485
1448 6033
9354 1535
6374 3452
8673 5882
3937 934
2188 8823
6247 1676
6117 5719
6101 5710
3929 9167
7380 8131
4377 1567
4607 8721
8863 1375
5974 1572
8622 4216
204 8736
7751 2191
4192 6296
4122 1765
7962 901
6768 3330
7012 4836
4952 1708
5485 9381
4119 5523
6307 192
5752 4486
4624 430
1965 9018
9860 6456
6197 3157
7055 5238
3943 8661
6601 5109
3574 7793
3038 2716
701 7189
4005 519
7260 8340
4398 8916
6004 2705
9551 1071
3581 7030
4231 8404
5064 5410
6657 8813
1603 6961
4933 4809
2422 4494
8415 1748
6041 8586
8222 1258
4155 8908
6798 5896
633 4505
454 1176
2792 312
9053 2692
5878 7339
9874 6912
6642 5422
4372 3161
5257 99
4999 7407
6885 8672
6057 5660
4268 6222
6768 6798
4638 1668
8569 6750
416 5401
8313 5846
46 2098
6929 6061
9671 7312
2468 1125
439 9269
5631 1920
2962 2088
7938 818
6363 6122
8914 5769
4985 5708
5304 5455
884 9793
6163 7738
7417 5348
4361 8673
6726 9224
4802 7701
7978 4089
491 2897
4515 473
1080 4353
4467 6581
7273 2995
5302 9717
3880 570
4099 7289
7345 2456
9873 365
7991 2125
1550 3543
9925 7970
6592 764
6032 8176
625 8620
2910 6606
3753 1475
7973 8682
4994 648
4400 3133
2413 1051
2320 5180
6374 3290
8540 315
3539 2247
1437 280
7611 850
3514 6314
4769 4292
3855 1656
8027 5631
1239 8671
1454 7137
1106 2036
614 6685
3598 5832
4630 9800
7462 1605
3142 924
8751 6669
8263 3688
8292 7966
4716 2857
3690 1744
9114 1042
942 7556
3696 5616
7862 9783
1024 510
7255 8410
2591 7366
8907 1221
1645 278
4767 5054
110 4928
3029 3671
2489 2712
7454 8063
3928 490
446 3802
4616 3459
8017 4804
5648 3226
5467 7431
9289 4254
2266 2485
494 8541
2846 1407
5045 3087
5118 1942
6117 3198
1339 4437
2692 3210
2677 5383
4988 3371
741 9798
5159 8614
4315 392
7454 6052
8038 7385
2827 4446
3188 7023
1523 1465
9047 5407
596 7211
1483 6927
344 3071
6291 7245
8450 913
5701 2411
232 5223
7113 2177
8230 1357
4559 9808
7897 5442
8289 7744
1553 1625
722 6886
3175 2660
6027 4036
4668 991
5470 8919
9211 7167
6040 6704
6269 7336
7329 5499
8214 1767
3222 9310
7470 1888
3634 6465
7540 3685
9653 1240
607 8782
4229 18
3300 2188
596 6457
8033 9723
4666 8822
4722 8325
1678 9157
2496 2687
5020 324
4341 5874
1211 0
833 3418
9500 5104
8396 8548
6689 257
5313 7433
754 6931
417 5052
4700 302
1354 1389
2342 5413
7632 9683
9242 2070
2673 1279
9276 1617
2315 4570
8415 1880
2218 3769
8714 7009
8996 1210
5212 6611
2988 3785
9913 3628
5943 7277
1369 9000
2723 2398
3440 324
2744 1639
796 1048
4173 314
924 4813
1816 1409
9022 1840
7561 3110
5509 5780
6032 3602
1450 5238
9728 9540
5339 6772
5958 6711
9087 2848
7124 8732
3541 2757
3280 9179
6260 5986
558 5092
1142 532
5992 7328
8137 6187
272 7955
1635 2366
5112 4801
7543 7364
3139 3342
5817 916
7640 7567
8008 9950
5262 5249
685 9799
6415 6012
9810 6828
7172 5651
8017 917
5827 2217
5583 342
7305 297
9390 2541
4976 1771
793 8698
4455 5403
2824 7133
4501 388
3078 9136
6330 4538
4899 6706
1915 3018
4097 7806
7754 6474
7037 966
4092 9960
3097 4074
5580 9651
5110 9051
8839 4983
3834 6945
4649 4127
5209 8742
2989 9367
5789 1908
9821 3561
249 3325
5269 518
2356 7515
5120 9484
8489 561
5028 4318
3714 4731
3447 5962
6373 4591
8792 2101
143 477
1868 9222
9033 226
4789 7852
4539 9480
3712 4684
4239 1776
4302 5975
8166 2986
9491 2767
5110 5024
1930 2705
703 9451
2845 3092
7586 804
9716 5175
1731 5174
1887 5960
7409 9934
2471 9743
8466 38
3510 4072
7801 4032
7547 9002
5980 8958
9236 7865
7763 8646
3802 3051
4137 3965
8105 4104
9586 3404
6821 7930
5442 7684
6361 4099
788 7323
6342 3112
4869 9239
4669 5203
5597 2234
2356 8070
6934 3760
1960 64
3124 8724
357 4593
9574 2543
4673 6202
8621 8909
1932 8834
4319 8117
804 1027
1827 3579
9571 6916
1673 6913
2628 3894
414 9439
4865 5003
5436 642
4204 1770
7311 9197
1331 6795
9987 1502
363 1432
6315 160
1755 3429
6713 2777
1617 718
2644 6519
9941 5931
6211 8904
8039 429
8004 482
7639 6252
4657 5072
9708 2151
3816 2450
1316 8699
1636 2732
1536 2958
5422 1214
5828 6548
3738 6630
4871 365
5509 7391
7510 3154
562 891
9724 262
3515 8032
2248 886
2520 8834
3136 3403
1044 8154
1209 7331
