100
9705 6172
9336 3101
1479 4318
5043 1885
9647 8436
3549 662
342 3290
1126 50
5397 4848
6729 6347
1458 6170
2015 9347
3347 2413
1527 9040
9348 3255
5042 667
9022 3459
5738 367
6338 4509
5965 5650
6523 9526
8582 3719
3085 699
2327 1426
164 4522
1911 5343
2363 669
7633 208
9648 6016
3635 9059
8694 3904
5255 6029
9622 350
5926 4213
5359 7608
5704 9679
8400 1131
8125 4377
1491 7977
5578 1791
9691 4728
5250 7284
3167 3158
8018 5494
3298 4321
5887 3114
6758 4751
8677 9117
1446 2543
3746 4356
3287 367
6420 3453
2842 3934
6466 3705
3404 6278
1142 3792
5340 5096
3603 6906
4473 1705
3208 572
6192 6187
7928 4724
2799 4693
6200 7580
7972 7
8475 2389
3793 5197
8472 7388
6955 4226
3294 5143
258 5580
4827 7438
5541 1097
3618 6588
3110 6373
4089 3804
7392 1796
9287 3468
7650 8898
5137 2436
1999 1840
9980 374
1347 7198
2300 9201
8179 8625
3647 465
1351 2722
8217 3724
9787 2530
879 7636
5525 4081
7785 5841
4935 6520
4638 7138
4815 5268
3056 9201
4816 8357
5874 8144
6920 4120
8797 8295