173 20 6 5
0 10 13 0.05 0.2 0.8

11 0
11 3
12 2
11 1
10 3
11 0
11 3
8 4
11 3
10 2
9 0
1 3
9 4
12 0
10 2
10 2
10 0
10 3
12 0
11 2

20
43 3
172 3
65 4
29 3
123 1
90 3
4 4
80 2
22 9
122 1
12 5
113 3
36 7
70 3
164 0
84 3
166 1
35 4
0 6
161 3

17
14 2
132 5
156 1
66 5
10 4
27 1
72 3
7 4
21 3
22 4
125 3
128 3
1 10
167 1
163 4
92 3
39 3

24
40 2
2 8
38 5
45 3
136 3
74 2
58 4
157 1
166 3
108 5
56 5
151 3
61 1
105 2
37 5
31 1
144 2
4 2
68 4
47 3
165 5
46 0
122 2
0 3

21
26 2
152 5
18 2
115 3
0 4
157 3
38 2
138 2
75 3
155 2
159 2
14 6
57 2
82 3
3 2
120 5
127 3
141 4
80 2
125 4
73 2

23
110 0
18 3
96 3
86 2
72 3
161 5
97 2
118 7
89 5
123 3
85 7
154 7
33 6
15 4
4 7
149 2
155 2
162 3
120 3
43 3
139 4
135 3
115 1

25
129 3
97 6
7 7
119 1
35 0
5 9
121 3
172 4
90 4
82 1
168 4
128 4
68 1
170 2
91 2
85 3
29 4
37 3
8 3
130 4
153 3
14 2
70 0
31 1
105 2

21
36 1
109 6
61 1
110 4
151 2
83 3
69 2
119 3
6 3
78 5
8 2
56 4
105 3
58 1
77 8
4 3
15 2
42 5
138 3
33 1
128 1

25
1 2
143 4
9 6
140 3
34 7
103 3
137 6
139 3
91 1
21 3
63 1
131 3
112 3
145 2
7 0
54 2
113 7
74 5
67 3
149 3
93 3
42 3
15 1
25 1
170 1

21
41 3
146 5
126 1
113 5
127 3
23 4
73 0
124 3
47 3
46 3
136 2
44 4
20 3
82 2
155 5
103 2
8 3
56 4
9 3
131 3
93 5

14
58 2
27 1
49 4
14 5
145 1
31 1
77 3
1 5
9 2
57 2
32 3
135 4
6 4
69 4

16
46 1
66 4
23 1
44 3
141 6
172 4
10 0
59 2
111 1
170 3
72 3
18 8
150 3
20 3
13 6
100 6

23
170 2
23 2
55 1
87 4
7 4
145 6
41 1
134 2
72 3
8 4
70 5
80 3
135 2
60 3
83 3
13 4
128 2
62 1
11 7
21 1
140 4
96 1
9 4

18
12 6
118 3
143 2
57 3
122 6
147 4
83 3
97 2
126 2
128 3
7 3
8 5
172 2
35 2
52 2
49 1
151 3
40 2

21
39 2
156 5
57 6
13 4
164 7
129 3
38 2
97 2
82 5
58 4
102 7
3 3
34 4
113 6
161 4
159 1
88 3
152 5
162 1
64 6
130 6

20
168 3
124 2
159 7
160 2
6 2
156 2
16 1
10 2
0 3
125 6
131 6
44 0
97 2
74 6
114 6
27 3
86 4
14 2
38 3
65 5

22
60 2
53 3
171 2
106 5
54 2
92 1
15 2
143 5
95 1
45 2
62 5
162 3
6 1
134 2
148 1
166 5
46 3
66 6
140 1
130 1
124 5
137 2

18
55 2
95 2
36 4
113 3
131 1
91 5
74 3
12 1
111 2
16 4
31 4
107 5
141 5
73 5
169 3
81 2
72 1
77 7

21
17 7
21 5
33 2
35 4
115 2
122 1
112 3
130 3
41 3
149 1
31 1
102 3
83 2
56 2
135 5
82 3
59 1
141 4
134 4
69 4
87 2

17
80 5
107 3
99 2
52 3
144 7
96 3
124 5
37 0
114 2
165 2
127 2
7 6
87 2
102 6
66 1
18 8
86 3

22
71 2
136 3
172 2
168 2
133 3
146 3
30 3
1 7
41 2
48 3
157 5
33 3
132 0
124 2
19 4
100 4
83 2
37 2
62 1
27 2
59 3
46 2

26
146 9
42 7
119 2
53 3
130 2
149 3
123 3
117 3
20 4
24 3
46 2
80 2
141 3
6 4
8 3
140 7
56 2
0 5
94 4
3 1
95 5
21 3
7 7
166 3
19 7
167 6

20
162 3
28 3
62 2
73 3
3 0
94 4
147 4
110 3
80 5
21 3
105 4
64 4
0 0
139 3
89 4
103 3
57 6
13 2
22 2
101 2

21
95 1
151 4
22 2
90 0
152 3
69 5
40 0
39 4
102 3
115 4
117 2
168 1
82 4
106 1
35 0
83 4
140 3
105 7
19 1
62 4
119 7

22
39 2
47 8
52 4
71 2
99 9
64 0
154 7
109 5
146 3
11 5
150 3
149 4
22 2
126 4
122 4
59 2
53 4
108 1
61 3
14 9
23 5
92 1

21
67 6
16 4
163 5
146 2
49 2
24 3
41 2
68 5
78 3
19 1
133 4
63 1
82 1
14 5
131 5
62 3
85 4
92 1
158 6
15 3
109 2

18
11 2
42 2
51 3
142 2
80 2
52 3
35 3
41 2
70 3
91 3
25 3
74 3
98 2
101 4
55 3
127 3
150 3
40 3

14
74 6
83 0
159 4
11 3
49 2
59 2
3 2
28 3
154 3
38 7
10 2
4 6
26 1
63 4

26
123 2
43 5
102 3
147 4
114 1
152 8
86 2
52 2
116 3
47 3
37 2
97 1
31 3
28 6
139 3
110 7
60 2
144 3
27 5
162 3
15 6
107 5
35 1
148 3
32 2
106 1

26
52 2
144 2
161 7
155 0
163 1
120 3
69 4
113 3
136 2
134 5
116 1
13 4
131 5
62 5
32 2
15 1
125 4
28 7
68 3
74 6
21 5
78 9
19 6
22 5
108 7
0 1

24
127 3
50 1
29 10
45 5
7 2
166 2
77 3
34 2
31 3
161 3
20 5
159 3
156 3
17 5
53 2
22 2
164 3
76 3
102 2
92 4
16 6
141 4
13 4
48 2

17
9 3
87 1
30 2
128 2
14 2
102 3
108 1
36 2
11 3
23 4
147 4
60 1
72 2
114 8
151 4
3 5
161 2

24
120 3
169 2
67 4
46 2
9 3
87 1
123 6
98 1
42 7
81 3
168 3
72 1
103 3
128 2
31 7
27 1
1 3
121 4
48 2
28 1
117 7
118 2
5 5
49 2

25
131 4
102 3
132 2
143 4
11 3
169 2
45 1
3 3
7 5
39 3
107 8
145 9
81 1
93 4
117 1
75 4
60 2
92 1
8 1
157 2
62 0
32 0
2 4
87 1
116 0

26
151 2
88 4
33 4
102 5
5 5
96 1
142 7
78 0
34 1
105 2
93 5
45 2
101 4
86 5
118 4
27 4
26 6
158 3
131 3
128 1
113 6
84 3
154 3
94 2
62 2
48 1

18
73 1
34 1
34 2
168 3
166 3
78 8
87 1
29 3
33 3
104 4
7 2
42 2
80 6
35 3
150 2
122 6
101 4
68 2

22
116 5
50 3
63 2
10 4
65 2
137 4
30 3
117 5
139 4
154 2
170 3
35 9
166 3
160 5
155 2
146 3
2 2
158 3
122 1
31 8
115 2
20 2

26
13 3
8 4
170 5
39 3
141 3
66 3
125 6
154 3
10 5
72 2
145 2
26 5
156 1
31 2
59 5
49 4
112 3
35 5
88 2
168 1
36 7
36 3
57 2
12 4
133 0
28 3

26
169 4
135 2
149 4
66 4
56 2
49 2
148 4
39 5
161 3
108 3
142 3
132 6
85 8
52 6
69 4
155 2
37 10
89 5
19 0
63 5
21 0
11 4
137 5
7 1
70 2
124 5

19
26 3
60 2
117 1
150 3
107 2
105 4
35 3
44 4
54 4
83 7
172 6
53 1
142 1
39 5
11 3
125 1
131 2
38 0
76 4

18
78 1
28 2
45 3
81 6
39 10
152 4
147 3
119 2
108 5
145 2
137 6
57 4
15 4
16 4
96 1
19 2
136 3
22 2

22
54 3
115 2
88 2
9 2
67 2
142 4
17 5
129 2
159 4
105 2
40 9
101 3
154 2
127 3
53 2
139 6
147 6
13 3
68 7
165 4
152 3
146 5

26
151 1
140 4
34 2
41 7
66 4
161 3
16 2
112 2
82 3
58 3
120 2
101 4
141 2
48 4
1 2
65 2
62 2
21 7
109 3
150 2
152 3
64 4
50 4
18 1
87 4
135 5

20
88 3
46 4
50 3
146 4
132 3
22 4
55 3
65 1
137 2
90 2
33 3
138 3
68 3
73 4
42 9
162 4
69 0
53 6
121 1
128 3

21
94 5
107 2
71 5
117 4
138 5
52 6
121 6
61 4
79 7
50 7
97 5
68 3
33 2
131 4
7 7
139 3
98 6
77 7
36 2
129 2
43 3

20
48 2
38 3
145 3
165 5
31 2
88 1
8 5
57 1
49 1
167 1
97 4
161 4
15 3
25 3
3 2
0 1
79 2
29 5
104 5
44 7

20
149 1
141 2
28 4
156 4
45 2
13 4
138 3
150 2
43 3
61 4
126 5
152 4
158 4
84 8
29 4
115 3
1 2
5 0
12 4
96 2

19
29 4
46 2
168 4
92 4
68 1
85 4
43 4
100 1
62 5
153 1
112 1
146 4
42 4
125 2
24 2
149 1
110 3
82 1
20 5

22
109 3
21 5
79 8
136 1
118 1
4 2
144 3
57 7
120 8
132 3
47 6
73 3
60 2
50 3
51 4
166 4
39 3
64 6
116 3
111 0
74 1
76 3

18
171 6
48 9
71 2
81 6
22 3
47 5
117 3
63 2
124 5
62 1
67 4
80 2
118 3
164 4
2 0
169 0
102 3
68 4

26
79 3
76 2
57 1
75 2
82 5
112 2
106 4
18 4
135 3
151 2
56 0
84 6
111 7
28 1
49 5
170 4
36 2
136 5
164 4
159 2
11 3
44 5
97 1
120 5
53 4
80 2

25
145 6
159 1
50 3
6 3
154 4
58 6
140 3
27 4
48 3
52 3
143 3
13 1
93 2
96 2
47 4
4 3
141 5
30 4
80 4
151 2
150 2
45 7
24 0
73 1
3 3

26
71 4
17 1
5 6
140 2
141 7
83 4
107 2
51 0
88 4
171 1
114 5
85 3
35 3
23 5
28 3
108 2
58 5
133 3
119 2
167 3
111 6
96 7
124 3
87 2
36 2
151 3

24
4 5
162 3
48 3
102 2
143 3
30 2
112 3
81 2
108 5
94 2
97 2
147 4
22 2
155 2
41 0
1 2
0 1
35 4
57 2
23 4
12 3
117 3
62 4
52 6

22
83 1
39 2
52 1
99 3
130 2
111 4
41 3
165 5
40 2
56 2
70 2
169 3
166 2
80 5
43 1
149 8
42 6
132 4
86 5
53 4
153 3
108 2

27
18 7
68 6
92 7
26 1
132 0
168 1
154 2
108 2
21 3
116 1
104 7
145 6
98 1
89 1
19 2
146 2
160 2
130 5
35 1
53 3
75 5
96 5
84 2
118 5
115 0
33 2
54 7

25
160 1
55 5
157 2
90 2
45 2
102 3
148 5
6 4
51 1
36 4
30 4
67 0
169 4
19 9
21 1
132 4
9 1
122 4
8 2
72 3
142 2
118 1
52 3
74 2
53 6

25
57 2
131 2
33 4
96 1
79 0
142 2
99 5
56 6
156 3
114 3
145 3
5 6
106 6
20 1
168 4
98 3
17 7
136 3
48 3
95 2
90 4
28 1
74 2
159 4
86 2

21
125 2
8 5
29 3
69 3
145 1
153 6
84 2
57 5
157 2
3 2
43 5
6 5
86 4
13 3
141 2
127 1
25 2
63 2
147 0
171 2
114 2

24
31 6
78 5
16 1
58 9
91 2
82 3
152 5
166 4
75 4
15 4
112 6
26 4
12 5
159 2
160 6
145 4
117 1
97 1
121 7
129 3
65 2
47 3
94 4
103 4

21
9 0
156 3
155 4
124 6
86 5
84 6
45 4
42 1
23 2
32 2
138 3
27 1
60 2
80 3
7 2
121 5
101 1
93 5
59 7
68 5
150 2

23
64 4
2 2
142 2
143 3
160 4
154 4
165 3
68 3
36 2
167 1
85 2
60 4
60 5
35 1
105 1
61 3
161 1
41 2
14 3
106 2
110 2
59 2
45 5

22
44 2
134 2
14 3
101 2
99 3
81 5
72 2
133 1
122 3
124 2
82 3
87 2
22 3
61 3
127 2
88 3
125 2
62 4
80 3
21 0
57 1
33 2

23
133 4
83 2
14 1
112 7
123 4
71 1
19 3
121 2
126 4
29 3
120 2
170 4
48 2
117 6
81 7
171 1
119 3
62 7
102 3
32 3
144 4
82 4
131 2

14
156 2
167 4
2 1
35 3
63 7
117 6
136 1
95 2
154 3
12 2
49 2
89 3
1 2
147 4

24
104 2
1 3
54 6
118 3
89 5
146 3
8 3
15 3
64 4
38 2
3 3
4 6
52 5
55 2
108 2
123 2
24 2
29 4
92 1
82 8
171 4
119 6
126 2
169 4

17
167 7
14 2
112 2
33 0
63 3
97 2
65 7
49 3
52 3
60 5
51 4
28 5
83 2
7 5
35 4
74 2
129 4

20
12 1
124 5
106 6
56 2
164 4
51 3
29 3
155 9
95 4
134 4
153 4
23 5
136 3
57 3
84 3
59 6
66 8
79 7
69 3
24 1

20
91 4
169 3
107 2
17 3
148 2
16 2
94 4
99 2
131 3
25 3
167 4
0 0
67 1
83 4
12 2
58 4
149 6
22 3
137 2
145 5

11
38 3
81 6
46 4
68 1
66 4
126 4
9 2
13 2
49 4
95 3
52 7

26
172 5
116 4
107 5
139 2
60 5
82 2
74 4
12 0
44 1
142 2
69 5
24 3
11 5
137 3
124 1
112 3
125 6
67 3
77 2
6 3
61 4
118 7
90 5
165 4
49 2
62 5

17
68 1
113 1
48 4
61 5
16 3
32 2
165 2
65 3
60 3
70 4
36 4
27 3
56 3
146 3
54 2
50 8
125 1

22
149 3
73 1
161 1
60 2
1 7
138 4
79 1
69 0
134 3
62 4
71 5
75 4
117 9
48 2
15 0
41 4
145 2
141 3
87 4
143 7
30 2
49 4

23
140 4
43 3
148 3
37 3
42 2
7 0
120 4
45 2
141 5
11 1
134 2
123 1
51 1
72 9
128 4
155 3
171 2
158 4
122 5
126 1
169 7
57 4
33 1

16
148 3
98 2
8 3
124 4
67 5
73 6
80 2
159 0
13 3
59 2
27 0
93 0
24 3
115 3
105 5
160 3

23
118 3
101 3
5 6
45 4
134 1
166 3
169 2
123 1
20 4
52 7
71 2
140 3
98 4
163 4
14 6
158 2
133 1
146 1
74 2
74 3
18 3
125 3
127 4

26
171 1
75 6
96 3
116 3
104 5
170 3
6 3
79 3
17 2
145 1
119 6
40 3
36 3
152 6
163 3
55 2
54 2
113 4
95 2
85 2
151 3
35 1
146 5
132 2
42 2
141 3

21
36 3
95 3
63 4
96 2
24 1
64 3
33 2
40 2
60 3
105 0
124 3
97 3
47 4
76 6
37 7
46 3
1 1
4 2
55 2
158 8
18 1

24
113 5
148 7
139 1
128 5
77 9
59 1
132 0
115 0
44 1
95 4
140 1
98 2
41 3
90 4
29 5
57 2
8 2
55 1
116 2
40 3
114 0
164 2
37 5
70 2

26
50 1
115 3
90 3
122 3
57 5
52 6
9 1
32 4
116 5
107 5
82 2
51 2
78 10
143 2
61 1
119 4
125 6
158 5
80 4
44 1
120 3
85 3
4 0
152 1
24 2
102 4

22
68 4
25 1
130 6
122 7
153 2
51 6
46 3
79 10
109 2
15 4
92 3
126 1
165 2
114 8
28 1
101 3
113 4
137 5
61 2
66 7
0 0
134 1

22
137 2
67 1
107 1
33 3
23 4
103 3
150 3
118 5
80 10
141 1
77 2
165 4
19 3
105 5
68 3
99 2
64 5
91 1
93 6
166 2
8 2
104 1

26
63 4
106 3
16 3
140 4
167 1
120 2
119 3
71 7
133 3
87 2
139 1
100 4
30 6
81 6
83 5
54 1
97 3
12 5
40 2
41 3
67 1
153 3
151 5
169 4
114 4
104 4

26
70 5
56 3
93 2
55 2
121 5
160 3
4 8
73 3
122 2
12 3
116 3
14 4
52 1
59 1
82 0
17 3
20 8
23 4
165 4
79 7
162 4
153 1
104 6
6 8
159 8
2 3

26
171 3
83 2
12 3
58 3
80 2
133 5
116 3
97 2
15 5
5 2
29 4
150 5
149 4
42 5
24 3
34 4
135 4
105 4
27 1
57 2
114 1
48 2
73 0
99 0
132 1
43 2

17
51 3
43 2
4 5
95 2
10 5
109 2
127 2
131 5
108 2
45 4
59 3
84 7
18 2
144 4
155 4
15 6
153 3

22
50 3
56 2
11 3
149 7
39 8
132 2
146 3
71 1
43 7
88 1
38 2
4 5
13 3
135 0
77 3
32 1
160 7
63 1
85 10
85 4
136 5
100 2

25
103 1
140 6
6 6
34 7
154 2
86 9
73 4
38 0
63 2
42 8
116 1
170 2
77 2
3 4
93 6
98 3
172 5
64 3
89 1
82 4
144 0
142 3
85 3
151 3
110 3

25
169 3
95 6
28 1
167 6
161 2
87 3
94 5
52 2
30 2
25 2
86 2
61 1
125 4
150 2
23 3
162 2
10 1
6 2
127 5
140 3
78 5
156 3
92 0
38 3
72 2

21
170 1
82 7
88 5
91 8
30 1
126 3
140 5
56 3
20 7
164 6
48 3
97 5
104 2
7 7
66 2
38 3
59 1
63 1
156 3
23 6
46 5

26
143 3
137 3
117 4
114 9
89 6
161 2
11 2
24 3
77 2
147 5
45 3
2 1
1 1
41 3
46 2
72 2
74 5
162 3
14 0
86 1
52 1
91 4
132 2
127 2
43 3
108 3

26
28 4
100 3
3 3
41 0
45 8
65 3
6 2
69 3
13 3
157 4
21 2
166 2
82 2
8 5
87 5
90 6
169 7
140 4
162 4
56 2
150 2
143 2
112 3
101 4
91 6
158 1

26
64 3
172 1
19 2
153 2
47 1
68 6
75 2
3 6
26 2
4 3
51 2
65 3
81 4
150 2
85 3
159 4
132 6
93 2
102 1
170 4
157 6
91 8
70 3
17 3
18 1
165 7

26
2 7
0 3
37 1
56 1
91 4
57 2
71 2
95 1
33 1
135 2
140 6
104 5
21 1
65 2
81 4
153 3
142 2
38 3
124 3
58 2
98 4
42 1
148 3
92 9
26 2
36 9

21
36 3
93 4
128 1
158 3
108 2
33 1
2 4
18 2
157 1
3 4
14 2
30 5
126 2
73 3
95 2
145 2
89 7
152 3
133 4
72 3
123 3

21
95 2
94 3
150 2
52 2
58 2
43 2
167 2
107 2
37 3
168 4
91 4
10 0
144 1
117 2
61 3
141 2
29 5
26 4
16 1
134 3
34 1

26
57 3
154 2
63 1
113 3
141 2
15 4
54 5
95 4
95 2
132 5
145 5
24 4
166 2
11 3
157 4
146 2
161 2
100 1
98 2
45 2
60 2
147 4
158 2
8 4
91 4
0 4

26
164 3
149 5
44 3
102 0
99 2
70 2
96 5
153 4
21 5
85 6
77 3
123 2
61 0
134 3
154 5
120 2
38 8
5 2
78 3
115 2
34 3
75 4
107 3
130 3
79 5
129 5

22
165 0
12 1
147 4
86 2
90 1
107 3
7 3
58 2
72 8
146 5
14 2
53 1
140 2
130 3
32 3
97 7
57 2
62 5
148 4
23 2
114 6
162 4

21
15 0
62 5
93 5
47 5
34 3
124 3
48 3
7 4
74 0
81 5
163 2
18 3
167 1
22 1
53 0
98 6
77 2
65 2
114 4
169 4
139 5

15
10 2
164 2
172 6
148 4
159 2
40 3
16 5
115 3
121 3
132 0
106 4
11 2
47 7
99 10
99 2

23
45 3
93 3
64 3
54 4
120 5
69 3
158 5
123 6
162 5
100 9
104 2
52 4
115 3
150 3
145 2
83 2
22 5
72 2
63 2
78 2
2 4
140 3
0 7

24
172 1
101 0
89 4
50 2
167 2
111 0
64 4
11 2
42 4
162 5
153 0
95 9
81 2
36 2
33 5
84 4
51 3
91 3
26 4
131 1
60 3
158 6
80 5
7 7

27
11 4
14 3
116 7
24 4
103 2
165 3
172 5
64 1
84 4
75 3
6 1
152 3
119 3
155 3
96 3
168 4
91 3
62 2
13 4
50 2
55 3
22 2
27 1
72 5
35 4
70 5
102 8

24
21 2
156 2
3 0
88 2
103 0
154 1
120 6
27 4
128 8
33 3
10 3
18 2
29 3
55 1
171 2
42 5
46 4
14 6
53 4
134 5
152 3
145 4
17 7
11 3

16
154 3
12 7
18 2
151 2
138 2
129 2
103 1
104 4
162 6
118 2
9 2
73 0
78 2
155 5
111 3
80 2

21
142 1
69 5
100 1
134 3
62 2
118 2
167 5
27 1
168 7
1 1
130 4
84 3
109 3
140 4
26 5
54 3
172 2
171 4
120 3
105 2
136 2

25
86 2
92 4
61 0
113 1
155 2
14 3
111 2
0 4
91 0
130 3
22 5
65 3
97 3
60 3
43 0
104 4
36 2
157 1
106 4
106 1
3 1
63 2
93 4
100 0
143 7

16
107 7
151 2
165 3
65 7
17 5
51 1
83 3
52 2
96 2
102 5
63 5
66 4
49 3
23 2
33 1
10 2

22
28 4
92 4
141 5
139 3
165 4
122 3
123 3
147 7
144 2
10 6
74 1
171 2
7 4
108 3
130 1
13 2
14 5
33 1
172 4
38 3
90 7
129 5

25
33 6
17 4
67 2
80 2
83 0
78 4
54 4
57 6
38 1
160 5
11 5
94 2
106 6
41 7
109 4
109 3
19 3
141 5
158 3
64 2
171 3
99 3
68 3
123 4
89 2

20
40 3
144 3
166 1
88 5
46 6
135 4
10 9
12 4
22 4
54 2
120 4
149 5
87 5
76 3
57 3
71 6
110 7
96 1
151 2
39 5

24
130 3
155 3
78 2
170 4
116 4
114 5
144 2
111 1
126 0
47 4
143 3
3 4
71 2
39 2
163 3
33 6
42 1
70 6
10 4
100 6
167 3
20 2
64 4
54 4

26
148 2
61 4
26 2
13 3
101 3
51 3
72 5
136 2
12 6
4 3
2 2
52 4
81 8
140 3
109 2
118 3
154 4
149 1
123 2
17 2
50 2
29 3
95 4
112 0
104 3
125 5

23
149 2
19 2
167 6
168 3
113 4
102 1
42 7
78 2
104 6
172 3
101 6
91 1
147 2
23 4
6 2
119 3
50 4
44 6
116 2
171 4
37 4
13 6
56 5

20
47 8
70 5
4 0
88 9
152 4
58 5
55 2
14 8
139 3
92 1
159 4
109 0
84 3
95 3
79 8
100 3
140 6
77 3
138 6
114 7

22
87 4
19 3
40 6
138 1
96 2
60 2
76 4
98 0
26 2
115 4
147 4
144 2
156 2
123 3
16 5
117 1
100 1
164 1
108 6
17 1
4 2
65 1

23
169 2
32 3
23 3
91 2
116 1
116 1
17 6
146 3
171 2
134 4
85 3
138 3
5 4
82 2
86 3
154 4
64 2
149 1
100 4
24 3
168 3
48 1
102 5

22
46 2
31 4
28 3
61 6
109 2
117 1
77 4
132 3
161 0
118 4
45 3
124 5
53 3
100 4
114 1
107 4
25 4
170 1
4 3
128 7
129 3
92 3

19
23 3
99 3
65 2
137 7
126 1
147 4
109 5
11 2
64 1
2 2
149 6
86 0
167 4
114 1
72 2
159 5
134 3
36 0
118 9

20
119 7
149 4
144 5
79 1
93 3
118 1
71 4
101 3
81 0
11 4
53 2
19 2
153 2
163 4
152 5
75 3
156 5
103 2
9 1
68 3

26
68 2
170 2
104 2
42 3
121 2
6 3
59 3
160 5
58 7
61 3
16 4
149 1
11 3
110 5
172 5
152 7
44 8
159 7
19 2
23 2
139 2
39 9
101 3
120 8
168 4
36 1

24
58 1
94 2
165 3
98 2
172 2
136 2
28 5
15 3
168 3
40 4
158 3
48 3
91 3
17 1
9 7
86 5
153 4
24 5
66 4
88 1
121 3
122 3
64 3
115 3

23
69 2
122 6
169 3
37 3
85 1
75 4
51 3
156 5
53 1
110 0
124 4
101 7
109 6
163 2
138 2
78 3
49 1
54 1
134 2
21 1
153 1
5 6
166 3

23
36 1
18 3
126 1
91 2
75 3
156 1
103 5
65 5
5 5
170 4
98 1
59 6
20 3
88 1
99 3
61 5
62 1
32 7
77 4
123 5
16 3
55 4
30 4

20
84 1
169 3
15 3
64 2
159 2
124 3
59 3
35 3
99 2
136 2
154 2
24 5
98 1
121 2
40 4
126 3
21 5
1 5
72 1
101 6

13
57 4
125 0
96 3
172 2
167 6
59 1
50 3
55 3
153 3
31 4
33 3
10 1
151 2

26
15 2
24 5
134 2
55 3
165 3
62 2
137 0
4 3
102 4
75 2
50 4
156 2
120 4
128 3
155 1
140 3
53 1
49 1
97 2
20 0
18 3
93 3
115 6
67 2
126 3
71 4

26
151 6
129 2
145 4
113 2
108 1
48 3
55 3
53 3
31 2
71 3
15 3
127 0
7 5
51 2
78 2
40 3
149 3
6 3
147 2
5 3
118 4
38 3
43 2
112 2
95 3
76 4

23
70 4
144 2
31 2
107 0
37 3
159 3
155 2
82 5
106 2
125 1
53 2
84 1
141 6
15 3
74 2
122 3
72 0
44 2
73 3
40 1
132 1
0 3
128 9

25
64 3
93 3
110 1
57 4
127 2
147 3
161 3
69 0
129 0
141 4
114 3
4 4
137 3
7 1
1 2
48 2
65 3
146 6
27 3
112 4
30 3
138 4
32 5
118 3
107 3

25
83 3
90 2
130 2
96 2
87 6
172 2
44 1
25 4
74 3
65 2
52 2
143 1
162 4
69 2
128 2
164 2
22 3
156 5
2 6
46 4
78 3
49 1
14 1
36 1
100 3

21
90 9
33 3
144 0
86 1
44 1
82 3
19 4
92 2
65 1
131 5
88 5
31 2
0 3
165 3
95 2
129 9
40 5
74 4
72 2
12 3
75 2

21
88 4
17 4
36 2
132 4
7 1
56 1
58 3
144 8
108 2
122 0
121 4
4 6
6 3
171 1
96 3
62 3
49 4
130 8
59 3
168 5
34 3

24
122 9
39 6
141 4
27 3
96 3
65 1
85 3
134 2
18 4
126 3
120 3
116 1
133 5
76 3
6 3
53 1
103 2
143 5
36 0
29 3
38 3
130 2
139 5
114 6

24
149 1
45 5
143 1
99 3
8 3
125 2
134 3
26 3
97 3
14 3
34 3
74 4
95 3
128 6
136 2
23 4
130 3
31 1
84 3
144 3
36 6
55 4
169 5
104 2

26
102 2
73 1
121 3
157 2
12 7
85 2
128 3
105 3
134 1
8 4
29 3
135 7
58 5
131 2
106 4
145 8
20 6
118 1
32 1
144 4
125 6
25 5
21 3
123 3
80 2
159 4

21
27 3
137 2
136 7
63 1
89 2
127 5
162 2
110 1
6 2
28 1
34 2
139 1
87 6
78 2
66 5
43 4
122 4
52 1
98 7
143 5
164 3

21
150 1
91 4
95 0
55 3
156 2
151 3
62 2
120 5
87 7
83 2
157 5
169 2
137 4
137 5
158 1
135 4
41 1
60 1
69 1
122 6
20 4

20
4 6
81 2
117 3
131 3
88 2
138 0
148 3
48 5
35 5
45 4
36 4
13 2
153 4
104 2
145 6
91 1
76 1
44 3
164 4
97 4

24
133 2
66 8
78 2
26 4
73 3
5 1
88 7
3 8
107 1
13 4
152 2
139 8
2 7
117 6
100 1
143 1
147 3
23 4
39 1
101 1
17 5
29 6
159 1
151 4

24
119 2
43 3
13 7
140 3
75 1
15 4
72 3
30 2
29 3
55 1
38 3
143 3
104 4
40 5
106 7
26 4
3 4
137 4
160 3
117 4
105 3
9 6
107 2
71 2

25
166 4
100 4
45 4
69 1
107 4
164 1
14 2
117 3
162 1
141 5
11 8
167 3
25 4
21 5
61 4
114 1
71 1
63 7
92 2
29 3
41 3
127 4
15 4
89 6
79 2

24
50 3
49 2
55 1
92 3
70 2
14 9
82 3
149 6
36 2
7 5
151 2
37 1
154 3
121 4
117 7
142 10
99 7
84 3
101 1
152 7
10 4
15 3
41 5
16 3

16
37 3
143 5
169 2
55 1
133 8
97 1
33 3
117 5
112 2
74 2
125 2
54 3
172 2
84 4
147 2
22 3

21
84 2
68 1
34 6
143 1
152 6
172 4
112 3
169 3
64 8
129 3
136 5
48 2
144 3
103 7
42 5
118 2
102 0
140 4
104 1
161 1
92 2

25
145 9
160 1
103 3
117 5
127 1
5 3
151 3
115 5
152 3
86 1
1 1
58 5
59 6
100 1
99 3
136 1
94 2
159 3
76 5
73 4
84 4
169 4
123 1
93 2
154 5

18
169 3
78 4
6 1
164 2
119 3
158 2
34 3
8 4
145 1
10 2
73 4
117 4
70 5
68 2
153 1
146 0
21 3
123 1

21
12 2
70 6
98 2
120 3
45 7
83 3
56 3
60 5
3 4
71 3
85 1
165 2
46 2
140 3
130 4
156 2
147 4
40 3
35 2
150 6
161 1

19
117 4
111 4
44 2
65 5
148 4
34 3
133 5
147 7
45 6
15 3
28 1
151 4
61 4
140 6
39 4
171 7
35 3
105 4
43 2

22
21 2
28 2
164 2
93 5
12 4
41 3
152 4
70 2
132 0
87 0
121 4
17 5
94 5
163 4
146 2
35 3
171 2
32 1
149 5
46 3
44 3
129 4

24
161 1
141 2
172 6
131 5
169 3
156 1
32 2
137 3
102 1
10 1
87 7
19 3
27 2
92 4
68 2
83 6
99 2
107 6
7 4
150 6
74 5
33 3
142 5
149 1

25
62 2
84 3
151 9
151 2
109 3
72 3
45 4
111 5
60 2
39 1
9 1
89 4
106 3
100 3
47 4
57 7
19 4
3 2
77 3
48 6
94 4
20 3
14 4
164 5
112 1

25
59 6
33 6
138 2
67 3
80 3
29 2
107 2
151 3
161 6
162 3
109 3
157 3
149 4
152 5
26 6
64 6
84 1
30 3
43 7
111 3
10 1
112 2
77 2
171 2
143 3

22
106 3
32 0
166 2
128 3
153 6
70 6
41 2
64 5
52 2
76 8
157 3
84 2
155 2
167 3
45 3
18 3
108 4
0 2
144 2
73 4
147 2
120 1

19
105 4
162 1
129 3
68 1
74 5
170 3
160 2
76 2
154 10
168 2
23 3
126 2
59 0
31 7
159 2
106 3
85 1
60 3
48 1

26
128 2
141 4
120 4
35 5
121 3
155 4
172 2
165 3
6 3
114 1
152 4
17 4
131 3
58 2
156 7
99 0
21 3
144 3
5 4
89 1
140 3
160 2
109 2
50 1
149 4
151 2

24
155 3
19 3
156 9
28 3
8 8
43 6
87 2
60 3
130 5
164 2
81 3
34 5
168 4
74 4
112 1
141 3
169 2
165 3
122 7
49 3
136 4
126 2
119 3
62 5

18
28 3
5 2
85 0
137 5
76 2
120 2
114 2
139 2
126 4
61 2
20 2
156 2
4 4
95 3
157 9
167 6
112 3
19 1

26
21 2
100 6
10 4
92 5
95 5
151 4
77 4
71 5
27 5
56 1
147 2
160 4
98 2
101 3
103 5
49 6
6 3
4 5
42 3
74 4
32 4
158 8
162 1
46 2
169 4
106 2

22
104 6
109 4
41 2
1 1
31 3
164 7
133 5
5 4
28 3
29 3
122 2
138 2
108 7
46 3
159 5
39 7
116 4
71 3
56 3
6 2
0 3
114 7

19
140 2
126 2
78 3
119 4
17 7
64 4
41 3
115 2
35 1
88 3
7 2
166 4
146 6
168 3
42 2
89 4
122 0
160 8
156 0

15
80 0
27 1
120 4
98 1
108 5
123 2
127 1
71 4
60 3
163 7
153 2
121 1
84 1
142 4
161 2

26
64 3
116 1
162 8
57 2
128 3
172 3
20 4
150 5
121 1
46 2
26 0
131 2
168 4
79 2
167 5
74 1
33 1
10 2
123 1
103 4
110 2
51 2
27 2
115 3
125 3
7 2

24
122 1
15 6
8 2
118 3
47 2
109 2
163 10
163 3
97 3
2 5
134 3
123 5
150 4
130 2
95 2
37 5
145 2
87 1
4 2
104 1
3 3
158 4
7 2
61 5

24
68 3
44 7
64 5
139 5
53 0
165 3
157 1
70 5
74 2
43 4
152 8
114 4
134 2
164 3
67 2
45 5
101 2
121 3
5 2
37 3
63 5
59 3
80 2
99 1

26
64 3
123 5
142 3
14 3
149 3
109 4
165 3
116 1
11 4
77 4
35 2
171 4
139 3
97 6
107 3
23 5
66 2
1 5
29 2
26 2
51 7
112 2
94 2
61 3
22 4
20 3

22
48 2
25 1
131 3
52 7
142 3
158 3
167 2
51 1
128 3
163 1
17 4
104 2
135 4
63 3
24 3
162 1
122 3
100 3
168 3
166 4
157 3
125 4

26
43 2
87 2
131 6
2 6
167 1
111 1
127 2
7 4
144 2
55 1
68 2
36 1
72 2
38 2
51 4
146 4
39 4
24 4
84 6
41 3
152 4
13 2
8 4
74 4
33 5
159 1

26
153 3
33 5
95 2
25 2
80 2
2 4
119 3
116 2
3 4
81 3
118 1
26 1
40 4
24 0
57 3
130 2
168 3
143 2
64 3
107 0
94 1
72 5
137 6
52 2
60 7
76 2

20
51 2
132 1
157 4
169 1
36 2
146 2
107 1
91 1
125 2
123 3
28 5
149 6
76 3
150 2
124 1
64 1
52 4
22 7
120 1
114 2

19
24 4
170 1
7 3
69 4
104 3
15 1
149 3
41 1
46 4
20 1
135 3
160 5
58 3
152 3
91 4
128 1
156 3
23 2
8 3

22
149 6
25 1
61 2
146 2
171 10
134 3
45 1
67 2
46 1
159 3
92 4
79 2
21 6
59 1
71 0
0 4
143 3
86 1
2 1
22 2
65 1
39 4

23
109 6
106 3
149 2
5 1
97 5
76 3
39 1
67 0
74 1
144 1
172 3
145 2
61 4
0 2
93 8
137 4
31 5
12 2
141 3
112 2
1 7
58 3
151 6

5 5 5 5 5
5 5 5 5 5
5 5 5 5 5
5 5 5 5 5
5 5 5 5 5
5 5 5 5 5
5 5 5 5 5
5 5 5 5 5
5 5 5 5 5
5 5 5 5 5
5 5 5 5 5
5 5 5 5 5
5 5 5 5 5
5 5 5 5 5
5 5 5 5 5
5 5 5 5 5
5 5 5 5 5
5 5 5 5 5
5 5 5 5 5
5 5 5 5 5
5 5 5 5 5
5 5 5 5 5
5 5 5 5 5
5 5 5 5 5
5 5 5 5 5
5 5 5 5 5
5 5 5 5 5
5 5 5 5 5
5 5 5 5 5
5 5 5 5 5
5 5 5 5 5
5 5 5 5 5
5 5 5 5 5
5 5 5 5 5
5 5 5 5 5
5 5 5 5 5
5 5 5 5 5
5 5 5 5 5
5 5 5 5 5
5 5 5 5 5
5 5 5 5 5
5 5 5 5 5
5 5 5 5 5
5 5 5 5 5
5 5 5 5 5
5 5 5 5 5
5 5 5 5 5
5 5 5 5 5
5 5 5 5 5
5 5 5 5 5
5 5 5 5 5
5 5 5 5 5
5 5 5 5 5
5 5 5 5 5
5 5 5 5 5
5 5 5 5 5
5 5 5 5 5
5 5 5 5 5
5 5 5 5 5
5 5 5 5 5
5 5 5 5 5
5 5 5 5 5
5 5 5 5 5
5 5 5 5 5
5 5 5 5 5
5 5 5 5 5
5 5 5 5 5
5 5 5 5 5
5 5 5 5 5
5 5 5 5 5
5 5 5 5 5
5 5 5 5 5
5 5 5 5 5
5 5 5 5 5
5 5 5 5 5
5 5 5 5 5
5 5 5 5 5
5 5 5 5 5
5 5 5 5 5
5 5 5 5 5
5 5 5 5 5
5 5 5 5 5
5 5 5 5 5
5 5 5 5 5
5 5 5 5 5
5 5 5 5 5
5 5 5 5 5
5 5 5 5 5
5 5 5 5 5
5 5 5 5 5
5 5 5 5 5
5 5 5 5 5
5 5 5 5 5
5 5 5 5 5
5 5 5 5 5
5 5 5 5 5
5 5 5 5 5
5 5 5 5 5
5 5 5 5 5
5 5 5 5 5
5 5 5 5 5
5 5 5 5 5
5 5 5 5 5
5 5 5 5 5
5 5 5 5 5
5 5 5 5 5
5 5 5 5 5
5 5 5 5 5
5 5 5 5 5
5 5 5 5 5
5 5 5 5 5
5 5 5 5 5
5 5 5 5 5
5 5 5 5 5
5 5 5 5 5
5 5 5 5 5
5 5 5 5 5
5 5 5 5 5
5 5 5 5 5
5 5 5 5 5
5 5 5 5 5
5 5 5 5 5
5 5 5 5 5
5 5 5 5 5
5 5 5 5 5
5 5 5 5 5
5 5 5 5 5
5 5 5 5 5
5 5 5 5 5
5 5 5 5 5
5 5 5 5 5
5 5 5 5 5
5 5 5 5 5
5 5 5 5 5
5 5 5 5 5
5 5 5 5 5
5 5 5 5 5
5 5 5 5 5
5 5 5 5 5
5 5 5 5 5
5 5 5 5 5
5 5 5 5 5
5 5 5 5 5
5 5 5 5 5
5 5 5 5 5
5 5 5 5 5
5 5 5 5 5
5 5 5 5 5
5 5 5 5 5
5 5 5 5 5
5 5 5 5 5
5 5 5 5 5
5 5 5 5 5
5 5 5 5 5
5 5 5 5 5
5 5 5 5 5
5 5 5 5 5
5 5 5 5 5
5 5 5 5 5
5 5 5 5 5
5 5 5 5 5
5 5 5 5 5
5 5 5 5 5
5 5 5 5 5
5 5 5 5 5
5 5 5 5 5
5 5 5 5 5
5 5 5 5 5
5 5 5 5 5
5 5 5 5 5
5 5 5 5 5
5 5 5 5 5
5 5 5 5 5

3 1 3 4 
2 2 4 
1 2 
3 3 0 2 
2 2 3 
3 2 3 1 
